0	6
1	7
2	9
3	9
4	10
5	10
6	10
7	11
4	12
5	12
6	12
8	13
9	14
10	14
9	16
10	16
11	17
12	17
13	17
13	19
14	20
15	22
16	22
17	22
18	23
19	24
20	24
18	25
19	26
21	26
18	27
22	28
23	28
18	29
24	30
25	30
18	31
26	32
27	32
18	33
28	34
29	35
30	35
31	36
32	36
33	39
34	39
35	40
36	40
33	41
34	41
35	42
36	42
37	43
38	43
39	45
40	46
41	46
42	46
43	47
44	48
45	49
46	50
47	51
48	51
49	52
50	52
51	54
52	54
53	54
54	54
52	55
51	55
55	56
56	56
52	57
57	57
58	58
59	60
60	60
61	61
62	63
63	64
64	65
37	65
65	66
66	66
64	67
37	67
38	67
67	68
68	69
69	70
70	70
68	70
71	70
65	71
66	71
72	72
16	72
73	72
74	73
25	75
75	76
76	76
77	77
78	78
79	78
80	79
21	79
78	80
79	80
81	81
78	82
79	82
82	84
66	85
83	86
84	86
85	87
86	87
85	90
87	91
57	91
13	93
88	94
89	94
90	94
91	95
92	96
93	96
94	96
95	96
96	96
97	97
18	97
92	98
94	98
93	98
95	98
96	98
98	99
99	99
100	100
101	100
102	102
31	102
103	102
104	103
91	103
105	104
30	104
106	105
107	106
108	107
109	107
110	107
111	108
112	110
104	111
91	111
112	112
113	115
114	115
115	116
103	117
116	118
23	118
117	119
118	120
119	120
5	121
120	121
121	122
30	122
122	123
73	123
121	124
16	124
73	124
123	125
124	126
6	126
50	126
18	127
125	128
126	128
125	130
126	130
127	131
128	131
1	131
57	132
129	133
130	134
67	135
130	136
131	136
132	137
106	137
133	138
6	139
134	140
135	140
136	140
137	141
138	141
60	142
59	142
85	143
21	144
105	145
110	145
30	145
139	146
140	147
138	147
141	148
142	148
143	149
144	149
143	151
144	151
144	153
145	154
146	154
147	155
148	155
149	157
150	157
151	158
152	158
153	160
103	161
103	162
18	162
154	163
154	164
155	164
156	165
157	166
158	168
57	169
159	170
69	170
159	171
160	171
159	172
161	172
162	172
44	173
163	174
160	176
58	177
77	178
164	178
77	179
153	179
165	180
166	181
167	181
168	182
76	182
169	183
170	183
74	183
171	187
172	187
171	188
173	188
172	188
174	189
175	190
62	190
176	191
177	192
178	193
179	193
180	193
181	194
182	194
181	195
182	195
183	197
146	197
184	198
1	199
128	199
185	199
186	199
187	199
1	200
186	200
187	200
1	201
186	201
187	201
1	202
30	202
186	202
187	202
188	203
20	203
62	206
62	207
189	207
175	207
190	207
191	208
131	208
192	209
32	210
31	210
39	211
193	213
194	213
86	213
195	215
196	216
197	217
198	217
40	218
42	218
199	219
7	219
68	220
132	221
97	222
152	224
200	225
201	226
202	227
203	227
204	228
84	229
205	230
91	230
206	231
38	231
196	232
139	232
207	233
208	235
209	235
114	235
87	235
210	236
211	237
129	237
212	238
213	239
214	240
215	241
76	242
45	243
13	244
216	245
216	246
216	247
217	247
155	249
218	250
157	251
157	252
219	252
220	252
221	252
157	253
222	253
223	253
0	253
144	253
13	254
218	254
194	255
86	255
193	255
224	255
225	255
76	256
76	257
226	258
227	258
184	259
119	260
107	262
228	263
229	263
230	264
231	264
232	265
233	266
81	266
234	267
235	268
177	268
236	269
145	270
148	270
146	270
161	272
237	274
155	274
238	275
163	275
238	276
163	276
239	276
238	277
91	277
240	278
241	278
198	279
198	280
242	280
198	281
50	281
103	282
164	284
164	285
77	285
164	286
243	286
182	286
244	287
76	287
229	288
245	289
246	289
247	291
248	292
249	292
44	292
248	293
76	293
182	294
155	294
182	295
155	295
182	296
250	296
222	297
114	297
144	297
52	298
251	300
252	300
79	302
68	302
82	302
253	303
254	303
183	306
146	306
255	307
79	307
256	308
220	308
157	308
20	309
257	309
188	309
67	311
190	312
31	312
68	313
209	314
258	314
259	315
57	315
162	316
260	316
23	317
22	317
116	317
261	318
262	319
101	320
176	320
123	321
43	322
137	323
72	324
263	324
264	324
16	324
214	325
265	326
212	326
266	327
52	327
267	329
20	329
80	330
21	330
254	331
268	332
269	332
26	334
270	334
271	334
272	335
273	336
217	336
49	337
194	337
86	337
50	337
274	338
98	339
99	339
275	340
276	340
109	340
277	341
163	341
278	342
86	342
279	343
280	344
281	345
282	345
50	346
273	347
283	348
284	349
285	349
286	350
24	351
270	352
6	353
287	354
288	354
262	356
149	356
289	357
290	357
291	357
262	358
149	358
292	358
293	359
294	361
21	361
295	362
296	363
189	363
297	364
285	364
185	365
1	365
30	365
187	365
16	366
73	366
59	367
298	368
299	368
300	370
279	371
153	371
121	372
271	372
30	372
103	373
301	373
302	374
303	374
258	374
110	375
109	375
304	375
305	376
146	376
101	377
100	377
48	378
53	379
7	379
306	380
307	380
308	381
134	381
308	383
309	383
216	384
18	384
16	386
310	386
311	387
312	388
280	391
30	391
313	392
291	392
280	393
30	393
279	394
314	396
281	396
315	396
106	396
276	397
110	397
109	397
316	398
317	398
304	398
276	399
109	399
172	399
312	400
318	401
86	401
101	402
176	402
319	403
320	404
246	405
245	405
312	406
321	407
236	407
275	408
109	408
322	409
107	410
79	411
109	412
108	412
323	412
35	413
48	413
324	414
258	415
109	416
276	416
172	416
325	417
264	417
326	418
327	418
244	418
265	419
212	419
328	420
30	420
280	420
102	421
31	421
103	421
39	422
180	423
329	424
330	425
331	425
58	425
201	426
16	426
325	426
310	427
16	427
115	428
332	429
333	429
334	429
335	430
336	430
159	430
166	431
337	434
255	434
338	435
248	435
19	435
148	436
26	436
145	436
339	437
18	437
208	438
114	438
197	439
278	439
198	439
50	439
340	439
341	439
151	439
86	439
342	440
202	441
203	441
343	443
38	443
3	444
7	444
246	445
104	447
91	447
344	448
345	449
346	449
121	450
162	450
73	450
81	451
233	451
347	452
348	452
349	453
168	455
198	455
76	455
350	456
4	456
351	457
352	457
353	457
107	458
354	459
53	460
7	460
318	461
278	461
86	461
44	462
232	462
355	464
341	464
50	464
294	465
21	465
45	466
340	466
159	467
356	468
250	468
103	468
210	469
341	469
180	470
178	470
357	471
216	471
358	473
357	474
33	475
34	475
359	476
163	476
162	476
360	477
91	477
72	478
16	478
73	478
361	479
362	479
363	480
331	480
58	480
364	480
91	481
61	481
289	482
290	482
291	482
365	483
366	483
367	484
159	485
162	485
16	485
172	486
366	487
259	487
367	487
368	488
369	488
198	489
370	489
249	490
371	490
372	491
334	494
50	494
88	495
90	495
89	495
373	497
374	498
216	498
124	499
20	499
235	499
375	499
137	499
376	500
377	500
7	500
378	501
293	502
379	503
380	504
381	504
150	505
240	508
382	509
183	510
146	510
343	511
38	511
156	512
74	513
121	514
374	514
217	514
39	515
211	516
129	516
383	517
384	518
163	518
162	518
385	519
320	519
18	519
386	520
387	520
15	521
217	521
388	521
17	521
119	522
383	522
389	523
390	523
391	523
123	525
392	525
378	526
10	527
349	529
393	530
394	530
185	530
214	532
63	532
395	532
396	533
115	534
63	535
334	535
397	535
254	536
398	537
168	537
198	537
150	538
335	539
336	539
69	539
159	539
332	540
334	540
62	541
331	543
330	543
364	543
214	544
63	544
399	545
400	545
401	545
402	546
403	550
404	550
405	551
62	551
406	552
407	554
408	555
10	555
239	556
409	556
410	557
411	557
240	557
141	559
107	559
7	559
316	560
317	560
412	560
334	561
413	563
280	563
29	563
234	564
263	564
16	564
385	565
320	565
18	565
414	566
404	567
415	568
416	568
417	568
418	568
419	569
420	570
52	570
421	571
286	571
221	572
157	572
220	572
13	573
168	574
422	574
76	574
0	576
251	578
423	578
424	579
204	579
425	580
269	580
21	581
426	582
195	582
184	583
73	584
427	586
428	587
346	588
429	588
32	589
356	589
31	589
430	590
278	591
86	591
431	592
83	592
432	592
98	593
433	593
434	593
41	594
134	595
435	595
436	595
437	595
360	595
438	595
418	596
415	596
417	596
416	596
439	596
440	598
103	598
441	598
154	599
182	600
63	600
442	601
443	601
269	601
134	603
444	603
427	603
155	603
195	604
136	605
445	605
91	606
328	607
121	607
339	607
280	607
30	607
446	608
10	608
378	609
447	610
448	610
449	611
106	611
124	612
20	612
235	612
279	613
450	614
137	615
50	615
199	617
7	617
198	618
30	618
236	618
451	619
391	619
69	620
159	620
387	621
386	621
356	622
32	622
31	622
301	622
103	622
324	623
103	623
452	624
453	625
74	625
77	626
454	628
334	628
455	629
456	629
457	630
458	630
435	631
134	631
459	632
460	632
10	633
461	634
20	635
50	635
280	636
30	636
158	637
185	638
329	639
391	640
179	641
285	643
297	643
252	645
326	646
244	646
327	646
462	647
18	648
432	649
123	649
18	651
388	651
463	652
96	653
464	654
465	655
272	656
410	657
224	657
86	657
167	658
37	659
38	659
466	660
423	661
194	662
210	662
467	662
468	662
469	662
434	662
433	662
209	663
114	663
134	664
351	665
352	665
353	665
470	666
376	666
134	667
76	668
62	669
184	670
471	671
472	671
473	671
471	672
474	673
475	674
476	674
473	675
472	675
471	675
459	676
477	677
217	678
348	679
478	680
472	681
473	681
471	681
230	682
103	683
479	683
474	684
299	685
480	686
93	686
96	686
95	686
444	687
481	687
103	687
95	688
96	688
482	689
483	690
96	690
95	690
478	691
19	692
470	695
466	695
96	696
95	696
479	697
103	697
484	698
476	699
475	699
485	700
486	700
418	702
103	702
155	702
184	703
476	705
482	706
487	707
276	708
169	709
464	710
488	711
120	713
14	713
489	714
38	714
490	715
207	715
478	716
444	717
481	717
103	717
491	718
492	719
479	720
103	720
493	721
76	722
276	723
494	723
18	724
39	724
463	725
495	725
491	726
496	727
396	727
144	728
497	729
54	729
274	729
34	730
396	730
69	731
498	732
244	733
76	733
59	734
51	735
54	735
478	736
155	737
494	738
276	738
499	739
495	739
73	740
500	741
501	742
489	743
38	743
91	744
134	744
103	744
174	745
502	745
213	747
503	748
485	749
504	749
486	749
505	750
230	752
506	753
507	753
508	754
505	756
212	757
103	757
477	758
54	758
246	759
18	759
509	760
492	760
69	761
44	761
300	762
274	763
463	764
184	765
241	766
495	767
276	770
34	771
418	772
510	773
478	773
511	773
13	773
39	774
18	774
73	775
169	777
488	777
138	779
20	779
419	780
512	780
513	781
513	782
512	782
487	783
236	784
103	784
514	785
76	785
244	785
515	786
282	787
464	788
456	789
348	790
103	791
475	791
18	791
516	792
376	794
217	795
506	797
516	798
150	798
495	800
507	801
21	802
402	802
348	803
466	804
77	805
498	805
497	806
51	806
509	808
492	808
230	810
34	810
409	810
517	811
246	812
38	813
518	813
519	814
61	815
307	817
8	817
287	820
18	820
520	821
20	821
521	822
186	823
460	823
494	824
276	824
13	825
522	826
523	826
86	826
524	826
411	827
460	827
62	828
525	829
526	831
91	831
527	832
91	832
260	833
39	834
523	835
522	835
86	835
524	835
38	836
37	837
37	838
38	838
107	840
377	840
377	841
107	841
123	842
57	843
114	843
144	843
2	844
7	844
502	845
130	846
502	847
107	848
518	849
502	849
7	849
159	852
222	852
57	852
69	852
39	854
74	855
169	855
50	856
152	856
120	857
6	857
50	858
59	858
177	859
528	860
529	860
91	861
530	862
167	863
530	864
531	864
287	865
18	865
170	865
460	866
411	866
170	868
18	868
531	869
530	869
532	870
87	870
533	870
534	871
532	872
87	872
533	872
59	873
18	874
535	874
491	875
261	875
348	876
493	877
520	878
20	878
6	879
120	879
58	880
364	880
536	880
227	880
155	883
282	884
239	885
239	886
514	887
242	888
522	888
86	888
50	888
534	889
537	890
327	891
346	892
146	894
537	894
52	896
538	896
299	897
430	898
539	899
63	900
430	901
287	902
535	902
10	903
430	904
111	905
299	905
299	906
430	906
109	907
276	907
230	909
37	910
38	910
153	911
91	912
61	912
231	913
409	914
540	916
364	916
58	916
536	916
403	917
541	918
481	918
403	919
170	920
18	920
542	921
155	924
130	925
452	925
258	926
159	926
209	926
543	927
544	927
107	927
153	928
227	930
545	930
62	931
357	932
18	932
123	933
70	934
71	934
218	935
508	936
215	937
505	938
138	939
87	939
50	940
120	940
546	941
312	943
159	943
515	944
547	945
353	946
159	947
163	947
69	947
74	949
525	950
48	951
262	952
231	952
548	953
484	953
541	954
481	954
137	955
120	955
526	956
91	956
18	957
103	957
74	958
223	958
528	959
529	959
154	960
155	960
239	962
409	962
465	963
10	963
68	963
8	964
347	965
534	965
52	966
53	966
164	968
498	968
52	969
54	969
464	971
91	972
114	973
113	973
174	974
547	975
74	976
64	977
37	977
38	977
348	978
403	979
549	980
239	980
91	981
58	982
540	982
179	982
549	985
409	985
246	986
177	987
456	987
31	989
91	989
527	989
327	991
244	991
133	992
478	993
511	993
510	993
37	994
38	994
47	995
48	995
41	996
354	997
138	997
155	998
544	999
543	999
550	1000
107	1001
76	1002
75	1002
521	1003
237	1004
155	1004
149	1005
13	1005
163	1006
484	1007
286	1008
257	1010
20	1010
6	1011
120	1011
103	1012
249	1014
396	1014
285	1015
48	1016
167	1017
550	1018
91	1018
526	1018
115	1019
167	1021
551	1022
552	1023
490	1024
100	1025
372	1026
423	1027
155	1028
18	1029
103	1029
137	1030
49	1030
50	1030
59	1031
501	1031
553	1032
293	1032
131	1033
53	1034
7	1034
141	1035
239	1036
249	1036
239	1037
232	1037
248	1037
496	1038
404	1039
48	1039
47	1040
138	1040
87	1040
258	1041
449	1041
106	1041
353	1043
494	1044
342	1044
382	1045
148	1046
145	1046
554	1048
516	1049
546	1050
364	1051
536	1051
213	1052
165	1053
123	1054
69	1055
70	1055
68	1055
71	1055
425	1056
555	1056
236	1057
403	1058
31	1059
91	1059
334	1060
327	1061
244	1061
276	1061
276	1062
292	1062
327	1062
164	1063
498	1063
267	1064
425	1064
556	1065
222	1067
306	1067
307	1067
144	1067
327	1068
556	1068
425	1068
555	1068
144	1068
540	1070
16	1070
364	1070
536	1070
536	1071
227	1073
545	1073
126	1073
91	1073
58	1074
540	1074
16	1075
518	1076
502	1076
227	1077
126	1077
227	1078
545	1078
10	1079
76	1079
364	1080
536	1080
287	1081
288	1081
536	1082
184	1083
557	1084
8	1084
558	1085
559	1085
137	1085
519	1086
130	1086
384	1087
162	1087
163	1087
302	1089
209	1089
409	1090
239	1090
147	1091
148	1091
194	1092
225	1092
86	1092
404	1094
296	1094
560	1094
244	1094
189	1094
109	1095
110	1095
172	1095
561	1096
562	1096
446	1097
23	1098
323	1099
109	1099
563	1100
564	1100
442	1101
443	1101
269	1101
49	1102
59	1103
392	1104
123	1104
440	1105
103	1105
441	1105
565	1106
566	1106
426	1108
195	1108
48	1109
464	1110
40	1111
42	1111
50	1112
181	1113
362	1113
284	1114
338	1115
248	1115
164	1116
155	1116
567	1118
130	1118
568	1121
569	1122
205	1122
31	1122
103	1122
298	1123
411	1124
375	1125
570	1125
235	1125
124	1125
571	1126
453	1127
74	1127
572	1128
345	1129
412	1130
317	1130
284	1131
285	1131
422	1132
76	1132
352	1133
351	1133
573	1134
536	1135
335	1136
336	1136
159	1136
574	1137
77	1141
558	1142
575	1142
137	1142
0	1143
87	1143
420	1144
52	1144
503	1145
403	1146
404	1146
287	1147
349	1148
277	1149
163	1149
439	1152
269	1152
316	1153
304	1153
317	1154
576	1155
577	1155
380	1156
381	1156
209	1157
403	1158
341	1158
554	1161
407	1162
303	1163
258	1163
445	1164
578	1165
239	1165
579	1166
86	1166
580	1167
37	1167
566	1168
579	1169
86	1169
340	1170
53	1172
7	1172
135	1173
581	1174
218	1174
263	1175
121	1175
263	1177
121	1177
582	1178
47	1179
228	1180
229	1180
335	1181
336	1181
69	1181
159	1181
174	1182
583	1183
561	1184
562	1184
291	1185
216	1185
27	1186
363	1187
331	1187
44	1188
413	1189
280	1189
29	1189
209	1189
192	1190
100	1191
422	1193
76	1193
584	1194
585	1194
586	1194
587	1194
179	1196
540	1196
588	1196
589	1197
230	1198
588	1198
54	1199
30	1200
162	1202
35	1203
413	1204
280	1204
583	1204
211	1206
129	1206
43	1208
504	1208
164	1209
590	1210
591	1211
331	1211
289	1213
270	1213
198	1214
592	1215
205	1216
593	1217
52	1217
253	1219
327	1220
134	1220
339	1220
30	1220
36	1220
51	1221
428	1222
469	1223
194	1223
594	1225
134	1225
144	1226
286	1227
538	1227
24	1231
451	1232
391	1232
339	1233
36	1233
595	1234
234	1234
263	1234
596	1235
73	1236
594	1239
134	1239
82	1240
337	1240
329	1241
318	1242
597	1242
198	1242
593	1243
52	1243
205	1245
103	1245
261	1246
401	1246
598	1247
100	1247
599	1248
86	1248
600	1248
570	1248
50	1248
601	1249
582	1249
602	1249
603	1250
10	1250
109	1251
233	1252
81	1252
335	1253
336	1253
159	1253
315	1254
304	1255
316	1255
589	1256
67	1256
152	1258
82	1260
604	1261
605	1261
336	1262
335	1262
159	1262
582	1263
601	1263
254	1264
600	1264
606	1265
568	1265
458	1266
590	1268
305	1269
146	1269
335	1270
336	1270
159	1270
209	1270
602	1272
226	1273
227	1273
50	1273
607	1274
127	1274
187	1274
1	1274
608	1277
278	1278
609	1278
610	1278
611	1279
205	1279
443	1279
602	1281
219	1282
28	1282
220	1282
266	1284
612	1285
191	1287
462	1288
560	1289
296	1289
244	1289
189	1289
249	1290
431	1291
432	1291
613	1292
597	1292
614	1296
615	1296
584	1298
586	1298
585	1298
587	1298
616	1300
201	1300
264	1300
16	1300
617	1301
618	1301
351	1302
352	1302
353	1302
619	1303
269	1303
35	1304
620	1304
399	1306
621	1306
622	1307
390	1307
406	1308
194	1309
101	1310
176	1310
623	1311
431	1312
268	1312
601	1313
557	1313
180	1314
110	1316
624	1316
109	1316
563	1318
301	1318
576	1319
625	1319
577	1319
286	1320
554	1321
36	1321
59	1322
7	1323
626	1324
138	1324
453	1325
74	1325
357	1325
601	1326
582	1326
39	1327
589	1328
414	1329
45	1330
627	1331
334	1333
442	1334
443	1334
269	1334
347	1335
372	1335
348	1335
206	1336
7	1336
216	1337
119	1338
406	1340
628	1341
36	1341
59	1342
140	1344
57	1345
629	1346
630	1346
276	1347
73	1348
615	1349
631	1350
632	1350
310	1352
616	1352
633	1352
16	1352
173	1353
564	1354
72	1355
16	1355
329	1356
410	1357
86	1357
312	1360
344	1362
31	1363
237	1363
420	1363
52	1363
155	1363
434	1364
323	1364
605	1364
438	1365
435	1365
134	1365
634	1366
617	1367
618	1367
109	1369
408	1370
107	1370
349	1371
279	1372
635	1373
248	1374
35	1375
357	1375
282	1376
500	1376
636	1378
359	1378
637	1378
209	1378
331	1379
591	1379
258	1380
209	1380
91	1381
548	1382
322	1385
6	1385
637	1386
636	1386
592	1387
349	1389
69	1389
58	1391
633	1393
16	1393
276	1394
352	1395
351	1395
607	1396
127	1396
1	1396
373	1397
254	1398
600	1398
361	1399
230	1399
467	1403
168	1403
263	1405
121	1405
599	1406
34	1406
50	1406
620	1407
403	1407
35	1407
355	1408
50	1408
339	1409
340	1410
638	1411
627	1412
592	1412
314	1413
106	1413
350	1414
4	1414
79	1416
613	1418
198	1418
604	1419
619	1420
269	1420
569	1421
205	1421
72	1422
16	1422
634	1424
194	1424
246	1424
598	1425
100	1425
429	1425
639	1426
640	1426
194	1426
337	1427
639	1428
640	1428
641	1429
642	1429
365	1429
194	1431
461	1432
295	1432
605	1432
398	1433
198	1433
643	1435
644	1435
389	1435
173	1436
642	1437
365	1437
35	1438
645	1439
35	1439
646	1441
320	1442
36	1442
539	1443
256	1444
379	1444
551	1445
434	1446
98	1446
433	1446
99	1446
420	1447
240	1447
270	1448
289	1448
404	1449
121	1449
39	1450
610	1452
609	1452
30	1453
46	1454
117	1455
360	1456
313	1457
291	1457
432	1458
358	1459
647	1459
205	1459
200	1460
611	1461
443	1461
205	1461
355	1462
50	1462
76	1462
176	1463
101	1463
283	1464
50	1466
318	1466
337	1467
294	1468
565	1469
566	1469
176	1470
101	1470
593	1471
257	1471
52	1471
624	1472
109	1472
573	1473
559	1474
137	1474
646	1475
648	1477
82	1477
1	1478
360	1479
253	1480
558	1481
237	1483
647	1484
205	1484
6	1485
400	1486
649	1487
650	1487
567	1488
542	1488
130	1488
572	1489
597	1490
589	1491
437	1492
150	1492
595	1493
86	1493
641	1494
578	1494
283	1494
365	1494
386	1495
332	1496
651	1497
147	1497
209	1499
575	1500
628	1500
137	1500
558	1501
235	1501
253	1502
307	1502
626	1503
138	1503
571	1504
424	1505
318	1505
229	1506
274	1507
595	1508
86	1508
612	1509
220	1510
249	1511
163	1511
403	1513
404	1513
638	1514
652	1515
653	1516
35	1521
645	1521
619	1524
107	1525
168	1527
622	1528
390	1528
391	1528
315	1529
44	1529
648	1530
603	1532
10	1532
606	1533
358	1534
205	1534
225	1535
447	1536
654	1537
436	1537
433	1537
614	1539
615	1539
655	1541
654	1543
644	1544
643	1544
389	1544
138	1545
623	1547
631	1548
632	1548
596	1549
656	1550
657	1550
630	1550
658	1551
659	1551
660	1553
661	1556
662	1557
663	1558
664	1561
665	1561
666	1562
667	1562
664	1563
665	1563
668	1564
562	1564
669	1564
670	1565
671	1568
672	1568
673	1569
674	1570
457	1572
59	1572
370	1572
675	1572
665	1572
676	1573
676	1574
677	1574
678	1575
679	1575
680	1579
659	1579
681	1580
673	1581
672	1581
682	1582
683	1583
684	1583
685	1584
686	1584
687	1584
688	1586
689	1586
690	1586
691	1587
692	1588
693	1588
691	1589
692	1590
693	1590
691	1591
650	1592
649	1592
681	1593
694	1594
692	1595
695	1595
696	1596
697	1597
698	1598
662	1598
675	1600
450	1600
665	1600
699	1601
700	1602
701	1602
702	1605
703	1607
704	1608
705	1609
706	1610
679	1610
706	1612
679	1612
706	1614
697	1614
707	1616
243	1617
708	1618
709	1620
709	1622
683	1622
710	1623
709	1624
709	1626
661	1626
711	1629
712	1629
676	1629
713	1629
665	1629
711	1631
713	1631
694	1631
665	1631
714	1632
715	1632
716	1633
717	1633
718	1634
649	1637
719	1638
720	1639
705	1640
405	1641
721	1641
722	1642
723	1642
724	1644
705	1645
718	1645
725	1646
726	1646
727	1646
728	1646
689	1648
689	1650
658	1651
659	1651
689	1652
688	1652
690	1652
729	1656
730	1657
731	1657
712	1657
732	1659
706	1659
732	1661
706	1661
397	1661
695	1663
733	1665
734	1666
735	1669
664	1669
665	1669
736	1670
700	1670
701	1670
657	1671
680	1672
659	1672
657	1673
680	1674
659	1674
737	1676
738	1676
321	1676
739	1677
737	1678
319	1678
737	1680
740	1680
741	1682
731	1682
742	1685
743	1687
744	1687
407	1688
745	1689
717	1690
55	1691
690	1692
688	1692
665	1694
738	1695
321	1695
677	1696
677	1697
677	1698
673	1702
682	1703
736	1704
746	1705
747	1705
748	1706
749	1707
750	1708
751	1709
752	1712
753	1714
710	1714
686	1717
687	1717
685	1717
658	1718
754	1719
755	1721
369	1722
756	1723
757	1724
651	1725
758	1727
630	1729
397	1729
695	1729
736	1730
759	1730
704	1731
729	1732
729	1733
760	1736
707	1737
761	1738
649	1738
697	1740
748	1741
454	1742
754	1742
762	1743
562	1744
740	1746
763	1747
764	1749
765	1749
766	1749
218	1749
767	1752
679	1752
397	1752
762	1752
279	1753
153	1753
768	1754
769	1754
321	1756
321	1758
321	1759
321	1760
760	1761
770	1762
650	1762
649	1762
770	1763
771	1763
649	1763
56	1764
772	1765
773	1767
774	1767
775	1768
776	1768
659	1768
733	1769
777	1769
716	1771
670	1774
321	1775
764	1776
765	1776
766	1776
581	1776
279	1781
153	1781
778	1782
779	1783
758	1783
741	1784
570	1785
703	1786
692	1788
394	1788
706	1788
397	1788
735	1789
780	1789
755	1790
781	1790
782	1791
697	1791
767	1792
783	1792
784	1793
744	1795
688	1796
708	1796
768	1797
785	1798
786	1799
787	1799
562	1799
668	1799
788	1800
707	1801
674	1801
789	1803
739	1803
760	1803
561	1804
668	1804
455	1805
456	1805
790	1806
12	1806
789	1807
739	1807
760	1807
785	1808
679	1812
11	1812
12	1812
763	1813
782	1813
697	1813
11	1819
790	1819
12	1819
791	1821
757	1821
684	1821
721	1823
395	1823
671	1824
672	1824
574	1824
792	1825
729	1827
714	1827
715	1827
793	1828
731	1828
394	1829
695	1829
660	1831
693	1832
692	1832
723	1833
752	1834
794	1834
669	1837
665	1837
395	1841
714	1844
715	1844
729	1844
769	1845
768	1845
394	1846
399	1850
621	1850
790	1852
766	1856
699	1861
792	1861
753	1862
725	1863
771	1864
649	1864
782	1867
397	1867
657	1868
680	1869
775	1869
795	1869
776	1869
659	1869
796	1870
797	1872
798	1875
786	1876
787	1876
776	1877
659	1877
788	1878
799	1879
800	1880
726	1880
698	1881
650	1881
761	1881
649	1881
749	1882
664	1884
688	1884
800	1885
728	1885
801	1886
122	1888
73	1888
802	1890
757	1892
397	1893
712	1895
562	1896
450	1896
574	1897
803	1898
804	1898
805	1900
761	1901
780	1902
743	1903
737	1903
744	1903
393	1904
666	1904
630	1904
802	1905
673	1906
806	1907
663	1907
807	1907
664	1908
665	1908
758	1909
808	1910
806	1911
663	1911
807	1911
809	1912
810	1916
694	1919
394	1919
56	1920
745	1921
734	1922
767	1922
783	1922
810	1924
719	1926
811	1926
773	1927
774	1927
808	1928
684	1930
794	1931
758	1932
779	1933
727	1937
728	1937
812	1939
781	1940
784	1942
811	1943
793	1944
730	1944
731	1944
707	1945
696	1946
662	1947
698	1948
667	1949
813	1950
772	1951
765	1953
799	1953
764	1953
517	1954
747	1954
746	1954
722	1956
468	1958
430	1958
395	1960
662	1961
368	1964
369	1964
777	1965
733	1965
678	1966
808	1969
804	1972
803	1972
766	1973
790	1973
12	1973
727	1973
247	1976
751	1977
813	1978
737	1979
776	1982
756	1983
656	1985
812	1985
742	1985
797	1985
795	1986
814	1987
778	1987
11	1992
780	1992
686	1993
736	1995
759	1995
720	1997
815	2003
816	2003
817	2004
818	2005
819	2006
820	2007
821	2010
822	2010
823	2011
824	2013
825	2014
824	2015
826	2015
827	2016
828	2016
824	2017
826	2017
829	2018
830	2020
831	2020
832	2022
833	2024
834	2024
835	2025
744	2025
836	2027
837	2028
836	2029
838	2030
838	2031
839	2031
840	2033
841	2034
842	2034
843	2034
840	2035
844	2036
845	2036
846	2037
841	2038
842	2038
847	2038
843	2038
848	2040
849	2040
850	2041
851	2042
852	2044
853	2045
854	2046
855	2047
856	2047
847	2049
852	2049
448	2049
857	2049
850	2050
858	2050
859	2050
847	2052
860	2052
847	2054
860	2054
847	2055
860	2055
847	2057
860	2057
861	2058
862	2058
863	2059
847	2060
857	2060
864	2060
847	2062
865	2063
866	2065
867	2069
868	2070
868	2071
869	2072
870	2073
871	2074
872	2074
870	2075
873	2078
874	2078
875	2079
876	2081
877	2081
878	2082
879	2082
876	2083
877	2083
880	2084
881	2084
882	2089
883	2089
882	2090
883	2090
884	2092
885	2093
886	2093
887	2094
888	2094
889	2094
890	2094
891	2094
885	2095
886	2095
892	2096
819	2096
855	2097
893	2097
894	2097
895	2099
896	2099
897	2099
895	2101
896	2101
897	2101
855	2102
898	2102
893	2102
855	2104
898	2104
893	2104
899	2104
900	2105
855	2106
898	2106
893	2106
855	2107
901	2107
856	2107
855	2109
901	2109
855	2111
893	2111
894	2111
902	2113
903	2113
904	2114
905	2114
906	2114
907	2114
908	2114
909	2114
910	2114
911	2115
912	2119
913	2122
914	2122
915	2122
916	2122
917	2122
918	2122
913	2124
919	2125
920	2126
921	2127
922	2129
923	2131
924	2131
923	2132
925	2136
926	2136
927	2136
928	2136
929	2136
930	2136
931	2137
932	2138
818	2138
933	2139
932	2140
818	2140
934	2141
932	2142
818	2142
935	2142
936	2143
937	2146
938	2148
939	2149
940	2152
941	2153
942	2155
943	2155
944	2155
945	2157
942	2158
943	2158
944	2158
946	2160
947	2162
948	2162
949	2163
950	2164
951	2164
893	2165
855	2165
952	2166
953	2166
954	2170
955	2171
956	2172
957	2172
958	2173
958	2175
959	2175
958	2177
959	2177
958	2178
959	2178
960	2178
961	2181
962	2182
963	2182
820	2183
964	2186
965	2187
966	2188
967	2189
968	2189
969	2191
970	2191
971	2191
972	2191
973	2192
974	2192
969	2193
971	2193
972	2193
975	2194
975	2196
874	2196
976	2197
977	2197
978	2197
979	2198
980	2198
849	2198
981	2198
982	2199
983	2201
984	2202
983	2203
945	2205
983	2206
985	2206
986	2208
987	2209
988	2210
989	2211
990	2212
991	2214
992	2218
993	2218
994	2219
995	2219
996	2219
997	2219
992	2220
993	2220
998	2222
999	2223
1000	2223
1001	2223
1002	2225
1003	2228
1004	2229
1005	2229
1006	2231
1006	2233
1007	2234
1008	2236
818	2236
1009	2238
1009	2239
1004	2240
1010	2240
1011	2240
1012	2240
1004	2241
1012	2241
1013	2242
1014	2242
1015	2244
920	2246
1016	2249
1017	2249
1018	2250
1019	2250
1005	2251
1010	2251
1011	2251
1012	2251
1013	2253
1020	2255
1002	2257
1021	2257
1022	2260
1023	2261
1024	2261
1025	2264
1026	2264
1027	2264
1028	2264
1029	2266
1030	2267
1031	2275
1032	2276
1032	2277
1033	2279
1015	2280
1034	2280
1035	2281
959	2282
959	2283
1036	2283
1037	2283
1038	2283
1039	2283
816	2283
1040	2283
1041	2284
1042	2287
1043	2289
1044	2289
499	2290
842	2291
830	2293
831	2293
1045	2295
1046	2297
1047	2299
1048	2300
1049	2300
1050	2300
1051	2301
1052	2301
1053	2304
1054	2310
1055	2311
1056	2311
1057	2313
1058	2313
1059	2313
1060	2316
1060	2317
1061	2317
965	2323
1062	2323
1063	2324
1063	2325
1064	2327
869	2327
1065	2327
1066	2327
1064	2328
1067	2328
1065	2328
1066	2328
869	2328
1068	2333
1069	2333
1070	2333
1068	2334
1069	2334
1070	2334
1071	2334
1068	2335
1072	2335
1068	2336
1070	2336
1073	2339
1074	2340
1075	2340
1076	2340
1074	2341
1075	2341
990	2342
864	2344
1077	2344
864	2345
1078	2345
1079	2345
1080	2347
1080	2348
1080	2349
1081	2349
1016	2350
1082	2350
1083	2350
1017	2350
1016	2351
1083	2351
1016	2352
1021	2353
1084	2354
1085	2354
1084	2355
1085	2355
1038	2355
1039	2355
1086	2355
814	2355
1084	2356
1086	2356
1084	2357
1087	2358
1088	2358
1089	2360
1090	2363
1091	2363
1092	2364
1093	2364
1094	2364
1095	2364
1096	2364
1092	2367
1097	2367
1093	2367
1094	2367
1095	2367
1096	2367
1098	2368
1099	2369
1100	2369
1101	2370
1101	2371
1102	2372
1103	2373
1104	2373
1078	2374
1105	2374
1106	2374
1107	2375
1108	2375
1107	2376
1108	2376
1109	2378
1110	2379
1104	2382
1111	2383
1112	2383
1113	2384
1114	2387
1115	2388
1116	2389
1117	2394
1118	2395
1119	2396
1120	2397
921	2400
1121	2400
1122	2403
967	2405
967	2406
1047	2406
967	2407
1123	2408
1055	2409
1033	2409
1124	2414
1125	2415
1126	2415
1127	2417
1128	2418
1129	2419
1130	2419
1131	2419
1132	2419
1133	2420
1134	2420
1135	2422
1136	2422
1135	2423
1136	2423
1137	2424
1138	2424
1137	2425
1139	2425
1140	2427
1141	2427
1140	2428
1141	2428
1142	2433
1008	2434
1143	2436
1143	2437
1018	2438
1144	2444
1145	2444
1144	2445
1145	2445
1146	2446
1147	2446
1146	2447
1147	2447
1146	2448
1147	2448
1146	2449
1148	2449
1146	2450
1147	2450
1149	2453
1150	2453
1149	2454
1150	2454
1151	2455
1114	2457
1152	2463
1153	2463
1154	2463
884	2465
1155	2466
1155	2467
1155	2468
1141	2470
1156	2471
1156	2472
1157	2476
1158	2476
1157	2477
1102	2477
1158	2477
1159	2479
1160	2480
1161	2480
1160	2481
1162	2481
1163	2481
1164	2481
1165	2481
1166	2483
937	2483
844	2487
845	2487
1167	2487
1168	2487
1169	2488
818	2489
1170	2490
1082	2491
1017	2491
1171	2499
1065	2500
1066	2500
1067	2500
960	2501
871	2503
1169	2503
991	2504
1172	2506
1173	2510
1174	2510
1175	2511
1176	2511
1175	2512
1176	2512
1177	2514
1178	2515
1179	2516
1180	2519
1142	2519
826	2519
1059	2519
1180	2520
826	2520
1161	2521
1181	2524
1182	2524
1183	2526
1183	2527
1184	2527
1185	2530
1185	2531
1186	2531
1187	2532
1188	2533
1189	2535
1190	2535
1191	2537
1028	2538
1028	2539
1026	2539
1025	2539
1192	2544
1193	2546
1194	2546
1195	2546
1196	2546
1193	2547
1194	2547
1195	2547
1196	2547
1197	2548
1198	2548
1199	2553
1200	2554
880	2554
881	2554
1201	2555
1202	2555
1018	2557
1203	2557
1019	2557
1204	2557
1205	2565
1206	2566
848	2566
1207	2566
1206	2567
1207	2567
1208	2568
1209	2570
1210	2571
1211	2571
1212	2571
1210	2572
1211	2572
1212	2572
1213	2573
1214	2574
1215	2577
1216	2580
1217	2580
1051	2581
819	2582
1218	2582
1219	2589
1219	2590
1052	2593
1174	2593
1220	2599
1221	2600
872	2600
1222	2601
1046	2601
1223	2605
1224	2607
1225	2607
1226	2608
1173	2609
1227	2609
1173	2610
1227	2610
1228	2611
1229	2612
1229	2613
1230	2613
1231	2620
980	2620
862	2623
1083	2625
1020	2626
1232	2627
1233	2628
934	2629
1162	2631
1234	2631
826	2632
1087	2635
1088	2635
1235	2637
998	2637
1235	2638
977	2639
1236	2639
1237	2641
1238	2643
1069	2646
1072	2646
1239	2646
1240	2648
1240	2649
1208	2651
1241	2652
1242	2655
1243	2655
1021	2655
1242	2656
936	2658
1244	2659
1160	2662
937	2663
1234	2665
1162	2665
826	2666
1245	2669
1246	2672
1246	2673
1246	2674
1141	2677
1205	2677
1247	2678
1248	2680
1226	2682
1223	2682
1200	2687
1249	2690
1047	2690
1203	2693
1204	2693
1250	2695
954	2695
1251	2696
1222	2696
1046	2696
1252	2697
1253	2699
1254	2699
1226	2701
907	2702
907	2703
1078	2704
1255	2704
1213	2704
1192	2705
940	2706
1163	2709
1035	2713
1023	2717
1256	2717
1257	2717
1258	2717
1259	2718
1023	2719
1256	2719
1257	2719
1258	2719
1260	2720
1029	2720
1098	2722
1261	2723
924	2724
1261	2725
1262	2725
1261	2727
1263	2728
1264	2728
1265	2729
1266	2729
934	2729
1267	2730
1268	2730
1265	2731
1266	2731
934	2731
1236	2732
1269	2733
1270	2733
1030	2733
1269	2735
1270	2735
1271	2735
1272	2736
1273	2736
1274	2737
874	2738
931	2739
1275	2739
1276	2740
1277	2742
1155	2743
1278	2744
1262	2746
973	2751
974	2751
1279	2753
1280	2755
1171	2757
1281	2760
819	2762
846	2762
1282	2769
1279	2769
960	2771
1283	2771
1284	2771
1042	2771
960	2772
1283	2772
1284	2772
1042	2772
1285	2773
1286	2776
1287	2776
1288	2777
1289	2777
1290	2778
1291	2778
1160	2779
1292	2779
1293	2780
1293	2781
1294	2781
1295	2782
1293	2783
1009	2785
1028	2785
1296	2788
1297	2788
1298	2796
914	2797
915	2797
916	2797
917	2797
918	2797
1299	2797
1296	2804
873	2805
1296	2806
1116	2808
1300	2809
1301	2810
1302	2810
1303	2811
1303	2812
1298	2814
1304	2816
1305	2816
1303	2817
1055	2819
1056	2819
1103	2820
1306	2822
1046	2822
922	2824
1307	2825
922	2826
1260	2827
1308	2827
1309	2829
1310	2830
1311	2830
1312	2831
1221	2831
1297	2831
1310	2832
1311	2832
1312	2833
1221	2833
1313	2835
1314	2840
1075	2841
1074	2841
1076	2841
1075	2842
1074	2842
1076	2842
940	2843
1315	2843
1316	2844
1317	2847
1318	2851
1319	2851
1187	2851
1320	2852
928	2856
953	2864
953	2865
952	2865
955	2865
1321	2866
1322	2866
1321	2867
1322	2867
1323	2867
945	2868
1324	2869
1003	2872
1325	2874
902	2875
903	2875
1326	2876
1327	2877
1328	2877
1329	2879
994	2881
996	2881
1233	2882
1330	2884
1231	2884
1331	2888
1332	2888
1333	2888
1334	2888
1331	2890
1332	2890
1333	2890
1334	2890
1179	2892
823	2892
1335	2895
1336	2895
1337	2897
1338	2897
1132	2897
1339	2899
1298	2900
1339	2901
1339	2902
1340	2903
1341	2904
1000	2907
1000	2908
1000	2909
1001	2909
999	2909
1342	2921
1343	2922
819	2923
1269	2924
1344	2925
1345	2925
1344	2926
1345	2926
1335	2927
1287	2927
1286	2927
1346	2928
1347	2929
1348	2929
1349	2929
1350	2933
1123	2934
1351	2935
1351	2937
1352	2938
1047	2939
1024	2941
1330	2943
1353	2944
1354	2946
1355	2946
1356	2946
1098	2948
1122	2948
1357	2948
1358	2948
1354	2949
1355	2949
1356	2949
1098	2951
1122	2951
1340	2951
1357	2951
1358	2951
1359	2953
1360	2953
1352	2953
1238	2954
1359	2955
1360	2955
1352	2955
1361	2957
1361	2958
1285	2959
1267	2959
1285	2960
1259	2960
1285	2961
1329	2961
1362	2964
1363	2965
1342	2965
1362	2966
1364	2967
1365	2969
1366	2969
985	2970
1342	2972
1363	2972
1367	2975
1368	2975
1003	2976
1369	2977
1370	2981
1228	2981
1057	2984
1058	2984
1371	2985
1057	2986
1058	2986
1372	2990
1373	2992
1374	2994
1374	2996
1375	2996
1376	2996
1325	2997
1207	3002
1377	3003
1378	3003
1377	3004
1378	3004
1379	3005
1380	3006
1381	3006
1382	3012
1382	3013
1383	3014
1148	3017
1384	3017
1385	3017
1148	3018
1386	3018
1148	3019
1386	3019
1387	3021
1197	3022
1198	3022
1388	3023
1388	3024
1378	3026
1281	3026
927	3027
930	3027
928	3027
1389	3028
1036	3029
1038	3029
1039	3029
1040	3029
1390	3030
1391	3030
1392	3030
1393	3030
1054	3031
860	3031
1394	3033
1395	3033
1396	3033
1394	3034
1395	3034
1396	3034
978	3035
976	3035
1397	3036
1358	3037
1134	3038
1398	3039
1243	3040
1399	3040
1400	3040
1243	3041
1021	3041
1401	3044
1402	3045
1403	3045
1404	3047
1106	3047
1405	3048
1406	3048
1407	3048
1408	3049
1409	3050
1410	3051
1116	3052
1062	3054
1411	3056
791	3056
821	3056
822	3056
1412	3056
1413	3057
1413	3058
818	3060
1175	3061
1272	3064
1414	3068
1415	3069
1416	3070
1417	3070
1416	3071
1417	3071
1418	3072
1418	3073
941	3073
1419	3073
1420	3074
1421	3074
1422	3074
1420	3075
1421	3075
1422	3075
1369	3077
118	3079
1423	3082
1363	3083
1424	3084
1424	3085
1425	3085
1424	3086
1425	3086
1426	3087
1427	3090
1428	3091
1428	3092
919	3092
1322	3093
499	3093
1429	3093
1430	3095
1029	3095
1431	3096
1432	3096
1368	3096
1431	3097
1432	3097
1368	3097
1433	3098
1434	3098
955	3098
1280	3098
1288	3099
1435	3099
1436	3099
1437	3101
1438	3102
1439	3103
1440	3105
1441	3107
1442	3107
1443	3111
1444	3111
949	3111
1154	3112
1445	3114
1446	3114
1445	3115
1446	3115
1393	3116
1392	3116
1391	3116
1390	3116
1014	3117
1014	3118
1014	3119
1014	3120
798	3123
798	3124
1076	3126
1074	3126
1075	3126
1360	3127
1352	3127
1122	3128
1447	3131
1448	3131
1117	3132
1251	3133
1238	3133
1339	3133
580	3134
1322	3135
1399	3136
1449	3137
1450	3137
826	3141
1451	3141
956	3143
956	3144
1237	3144
957	3144
956	3145
957	3145
311	3147
1073	3148
1452	3149
951	3149
1453	3150
1230	3151
1454	3153
1346	3154
1081	3158
1455	3159
1353	3160
1456	3160
1457	3160
916	3161
915	3161
918	3161
1299	3161
913	3161
916	3162
913	3162
1458	3164
1389	3164
1458	3165
1389	3165
1459	3170
987	3171
1118	3174
933	3182
933	3183
1399	3187
1399	3188
1399	3189
1399	3190
1400	3190
1460	3191
1461	3191
1462	3192
1463	3194
1463	3195
1463	3196
702	3196
1449	3197
1450	3197
1464	3198
1465	3198
1466	3198
1464	3199
1466	3199
1465	3199
1467	3201
1239	3204
969	3204
1239	3205
969	3205
971	3205
972	3205
1239	3206
970	3206
971	3206
972	3206
1239	3207
971	3207
1072	3207
972	3207
1239	3208
1072	3208
1071	3208
1468	3210
1469	3210
1468	3211
1469	3211
1290	3212
1291	3212
1055	3213
1470	3215
1471	3215
1472	3215
1470	3216
1472	3216
1471	3216
1473	3217
1474	3218
1474	3219
1475	3220
1163	3224
1444	3224
1398	3228
1476	3229
1379	3231
1439	3236
1477	3237
1477	3238
1430	3241
1029	3241
1070	3244
1069	3244
972	3244
1070	3245
1404	3245
949	3245
1176	3246
1181	3247
1478	3252
1375	3253
1376	3253
1479	3255
1480	3256
1480	3257
867	3258
1113	3258
958	3260
1481	3261
1482	3261
1089	3262
1483	3264
1483	3265
899	3266
855	3266
867	3267
1484	3268
1304	3269
1305	3269
1117	3271
1432	3275
1389	3275
1097	3277
1094	3277
1093	3277
1485	3279
1486	3283
1118	3283
1369	3284
1217	3285
1237	3286
1487	3286
1237	3287
1487	3287
829	3287
1488	3288
1320	3288
1248	3292
1489	3293
1489	3294
1489	3295
1490	3296
1490	3297
1436	3297
1491	3298
1492	3303
1492	3304
1371	3306
1493	3306
1494	3308
995	3309
996	3309
997	3309
939	3310
939	3311
1418	3313
1495	3313
1496	3315
858	3315
1497	3319
1498	3323
1091	3327
1090	3327
1499	3328
1238	3328
1499	3329
1238	3329
1454	3330
1293	3331
1484	3331
1127	3332
1454	3333
1319	3335
1318	3335
1500	3338
1501	3338
1502	3338
1500	3339
1501	3339
1502	3339
1503	3340
1503	3341
1503	3342
1504	3342
1003	3343
1401	3347
1434	3348
1455	3348
309	3350
934	3354
1077	3355
864	3355
1505	3355
1506	3357
1507	3357
1508	3357
1506	3358
1508	3358
1077	3359
1271	3360
1509	3361
1459	3361
1202	3362
1201	3362
1050	3362
1049	3362
1510	3364
1510	3365
1077	3366
1511	3367
1056	3368
1512	3369
1512	3370
1512	3371
1513	3374
1321	3374
1322	3374
1513	3375
1321	3375
1322	3375
1514	3377
1514	3378
1373	3381
1515	3384
1516	3384
1517	3384
1350	3385
1518	3387
1518	3388
1505	3390
1441	3392
1519	3394
1520	3395
1520	3396
1521	3397
1216	3397
1522	3400
1254	3400
1399	3400
1522	3401
1254	3401
1399	3401
1523	3402
1523	3403
1524	3404
839	3404
1479	3404
1524	3405
1525	3405
839	3405
1479	3405
926	3406
925	3406
928	3406
929	3406
930	3406
1526	3407
1031	3407
1526	3408
1031	3408
1176	3409
1527	3411
1528	3412
1528	3413
1529	3414
982	3416
1530	3421
1530	3422
1531	3422
828	3423
827	3423
1368	3427
1532	3427
1533	3428
1533	3429
1534	3432
1535	3436
1535	3437
1535	3438
1536	3441
1031	3445
1537	3446
1538	3450
1538	3451
1275	3451
1539	3451
1250	3460
1540	3461
1250	3462
1245	3462
929	3463
1367	3463
653	3464
1290	3465
935	3465
1540	3466
1534	3468
863	3469
1541	3470
1541	3473
1457	3475
1542	3478
1543	3479
1199	3480
1448	3481
1544	3484
817	3487
1545	3488
1389	3491
1314	3492
1380	3496
1381	3496
1315	3498
1315	3499
912	3500
1546	3501
1547	3501
1059	3503
1548	3503
1172	3504
1549	3506
947	3507
948	3507
1497	3508
1550	3510
1551	3510
1498	3512
1218	3512
1161	3512
1552	3514
1469	3525
1468	3525
1521	3528
1055	3530
1056	3530
1553	3531
1438	3531
1553	3532
861	3534
1177	3534
1247	3536
1516	3537
1139	3538
1003	3538
1277	3540
1554	3541
1554	3542
1555	3542
1556	3546
1557	3548
1529	3548
1557	3549
1529	3549
1336	3550
1558	3551
1046	3551
1306	3551
1559	3552
860	3553
1559	3553
1309	3554
1050	3556
1202	3556
1049	3556
1048	3556
1560	3560
1560	3561
1267	3564
1308	3564
1153	3565
1316	3568
1561	3569
822	3569
1561	3570
822	3570
1562	3570
1412	3570
1264	3573
1563	3575
1564	3575
1563	3576
1564	3576
853	3577
1220	3580
989	3580
1565	3582
1272	3582
1565	3583
1272	3583
892	3586
1360	3593
1118	3594
1226	3595
1566	3596
1289	3598
984	3602
1189	3602
1385	3602
1053	3603
1451	3604
1567	3605
1567	3606
1567	3607
1568	3612
872	3613
955	3614
1003	3615
946	3617
1366	3623
1365	3623
1307	3625
840	3626
1411	3627
1527	3627
1549	3628
903	3631
1569	3632
1569	3633
955	3633
1397	3635
1467	3636
1415	3638
944	3638
1570	3639
834	3643
833	3643
1508	3643
1244	3644
1571	3645
1571	3646
1539	3646
946	3652
1161	3655
1572	3658
1007	3663
1495	3663
1551	3664
1164	3666
1504	3672
900	3672
1348	3673
1347	3673
1349	3673
1238	3674
1214	3675
1542	3680
1573	3681
1494	3681
1216	3682
966	3684
1121	3684
837	3687
1574	3691
1574	3692
1575	3695
930	3695
1295	3696
1041	3696
1369	3698
816	3704
958	3704
1037	3704
1222	3706
1558	3706
1555	3707
1307	3708
826	3713
1547	3715
1546	3715
1515	3716
1517	3716
1320	3723
1488	3723
1562	3724
1527	3724
1562	3725
1412	3725
1247	3727
1247	3728
1275	3729
1275	3730
1275	3731
1275	3732
1576	3736
968	3737
1577	3739
1460	3747
1461	3747
1509	3748
1343	3748
1578	3750
1432	3750
1368	3750
1578	3751
1432	3751
1368	3751
1125	3752
1579	3753
1579	3754
1473	3754
1238	3755
1339	3755
1276	3759
938	3759
1580	3761
1581	3761
1003	3766
1120	3766
1003	3767
1326	3768
1582	3769
1326	3770
1292	3771
1313	3777
1313	3778
1313	3779
1215	3782
1109	3784
1058	3786
1403	3788
1583	3788
1584	3789
826	3793
1548	3795
1548	3796
1548	3797
963	3801
962	3801
1300	3802
1302	3803
1462	3803
1585	3804
1585	3805
1307	3805
817	3805
911	3806
1122	3808
1357	3808
1358	3808
1543	3811
1255	3812
1078	3812
1213	3812
834	3813
1508	3813
1369	3816
1443	3819
1061	3819
1182	3822
1152	3823
1153	3823
1060	3824
1136	3825
986	3825
852	3829
847	3829
1165	3831
1209	3832
1424	3832
884	3832
1586	3835
1587	3838
1586	3839
1278	3840
1588	3841
1589	3842
1590	3842
1591	3842
1592	3844
1593	3845
1594	3845
1593	3846
1594	3846
1595	3847
1568	3847
1596	3848
1597	3848
1589	3849
1591	3849
1598	3849
1482	3850
1481	3850
1504	3852
900	3852
982	3853
1225	3856
1225	3857
1224	3857
1408	3862
1599	3863
1600	3863
1572	3864
865	3864
1372	3864
1559	3865
1294	3870
1386	3873
1386	3874
1601	3874
1386	3875
1601	3875
1126	3881
1254	3884
1602	3885
1603	3885
1254	3886
1253	3886
1536	3887
980	3890
1115	3890
827	3891
1604	3895
1605	3895
653	3897
653	3898
653	3899
1606	3903
1475	3903
1606	3904
1475	3904
982	3906
1551	3906
1328	3907
1327	3907
1352	3907
866	3908
875	3909
1209	3911
580	3913
1326	3914
1607	3916
1608	3916
1607	3917
1608	3917
1609	3917
854	3918
1607	3919
1609	3919
1608	3919
988	3920
1610	3921
1159	3922
1611	3922
1612	3922
1536	3923
1610	3925
879	3927
878	3927
1552	3928
1273	3928
825	3929
1055	3930
1544	3931
1613	3933
1437	3933
1552	3934
1273	3934
1254	3934
1188	3938
988	3940
1233	3943
1110	3944
1113	3944
1527	3946
1614	3950
1615	3950
1442	3951
1441	3951
929	3952
1614	3953
1616	3953
1615	3953
1159	3954
1611	3954
1612	3954
1617	3957
1618	3957
1525	3958
1105	3958
839	3958
1479	3958
1186	3959
967	3960
1099	3961
1619	3962
1113	3962
1112	3963
1619	3964
905	3965
904	3965
1128	3966
1617	3967
1618	3967
548	3968
1620	3969
1621	3969
1228	3970
1306	3970
1620	3971
1621	3971
1494	3972
1434	3972
1455	3972
1494	3973
1370	3973
949	3974
1078	3974
1428	3980
919	3980
1027	3981
1622	3982
1532	3982
1622	3983
1532	3983
947	3984
948	3984
819	3985
1353	3987
1215	3989
1623	3990
1153	3990
1154	3990
1079	3991
832	3992
1624	3993
1167	3993
1341	3996
1281	3996
1625	3997
1105	3997
1381	3997
1599	3998
1600	3998
967	3999
1626	4004
1627	4004
1628	4004
1629	4004
1630	4005
1631	4005
1632	4005
1626	4006
1629	4006
1045	4007
1633	4008
1634	4010
907	4010
1124	4010
835	4011
1635	4011
1634	4012
1636	4012
835	4013
1147	4013
1146	4013
1637	4013
990	4014
835	4015
1638	4015
1435	4017
1639	4017
1640	4019
1641	4019
1642	4019
846	4021
1099	4022
1100	4022
846	4023
1636	4023
1634	4023
1099	4024
1100	4024
1643	4025
1644	4026
1645	4026
1646	4027
1647	4028
1637	4029
1648	4029
1649	4030
1650	4030
1651	4031
1648	4033
1652	4034
1653	4034
1654	4034
1655	4035
1656	4035
1652	4036
1657	4036
1658	4036
1633	4037
1659	4038
653	4039
1660	4040
1652	4041
1661	4041
1627	4043
1629	4043
1662	4044
1663	4045
1662	4046
1664	4047
1662	4048
1662	4050
1665	4050
1660	4051
1662	4052
1665	4052
1649	4053
1662	4054
1665	4054
908	4054
1649	4055
1650	4055
1662	4056
1666	4056
1151	4057
1371	4057
1511	4059
805	4060
1667	4060
1668	4060
1669	4061
1670	4061
1671	4061
1672	4062
1673	4062
1674	4063
904	4064
1675	4064
907	4064
1674	4065
1006	4065
904	4066
910	4066
1676	4067
1667	4068
1676	4069
1667	4070
1677	4070
1678	4070
1679	4071
1675	4072
1672	4072
1643	4074
1680	4075
1681	4075
1682	4075
1683	4075
1643	4076
1684	4076
1666	4077
1643	4078
1685	4078
1643	4080
1686	4080
1687	4080
1688	4080
1455	4081
1643	4082
1689	4082
1183	4083
1690	4083
1691	4083
1661	4083
1650	4083
1643	4084
1183	4085
1692	4085
1423	4085
1183	4087
1693	4088
1694	4088
1694	4089
1693	4089
1695	4090
1696	4091
1697	4093
1698	4093
1699	4094
1700	4095
1701	4095
1699	4096
1702	4096
950	4098
1703	4098
1625	4098
1663	4099
950	4100
1625	4100
1704	4101
950	4102
1496	4102
950	4104
951	4104
1705	4106
1706	4107
552	4108
1664	4108
371	4108
1055	4109
1166	4110
1691	4112
1707	4113
1708	4114
1685	4114
1707	4115
1707	4117
1636	4117
1709	4118
1710	4118
1711	4119
1697	4119
1133	4120
1712	4120
1106	4120
1713	4121
1133	4122
1712	4122
1106	4122
1703	4125
673	4125
1709	4126
1710	4126
1684	4128
1691	4128
1689	4128
1677	4129
1022	4130
1215	4130
1677	4131
1638	4131
1714	4131
1642	4132
1034	4133
1476	4133
1678	4135
1015	4136
1668	4139
1691	4139
1637	4139
1635	4140
1668	4141
1637	4141
1659	4142
1715	4143
1716	4143
1680	4145
1715	4146
1716	4146
1665	4147
1662	4147
1715	4148
1716	4148
1673	4149
1715	4150
1654	4150
1427	4150
1697	4152
1698	4152
1717	4153
1718	4155
1701	4156
1718	4157
1684	4158
1410	4158
1055	4159
1719	4160
1720	4160
1721	4160
1657	4161
1654	4161
1716	4162
1427	4162
1722	4163
1723	4164
1724	4164
1661	4164
1531	4165
1531	4167
1725	4168
1726	4168
1727	4168
1531	4169
1570	4169
1725	4170
1728	4170
1686	4171
1688	4171
1588	4173
1695	4175
1249	4176
1423	4176
1695	4177
1138	4179
1706	4180
1410	4181
1706	4182
988	4183
851	4183
1410	4185
1410	4187
1410	4189
1410	4191
1720	4192
1721	4192
1476	4192
1410	4193
1215	4194
1410	4195
1701	4196
1650	4197
1701	4198
1633	4200
1729	4201
1044	4203
1664	4204
1730	4205
1664	4206
552	4206
1730	4207
1664	4208
371	4208
1664	4210
1731	4211
1664	4212
1452	4213
951	4213
1427	4213
1427	4214
1423	4217
1732	4218
1733	4218
1734	4218
1735	4218
1732	4220
1735	4220
1691	4221
1638	4222
1666	4222
1714	4222
1691	4223
1643	4223
1685	4224
1736	4224
1324	4225
859	4225
1685	4226
1714	4226
1730	4227
1685	4228
1737	4228
1724	4229
1661	4229
908	4230
1629	4231
1637	4231
908	4232
1629	4233
1637	4233
859	4233
1648	4233
1721	4234
1629	4235
859	4235
1721	4236
1721	4238
744	4239
951	4239
1721	4240
1720	4240
1656	4243
1738	4244
1656	4245
1738	4246
1645	4247
1738	4248
1560	4249
1738	4250
1735	4252
1637	4253
1637	4255
1648	4255
1692	4256
1637	4257
1648	4257
1545	4258
1124	4261
1739	4262
1651	4263
1740	4264
1741	4265
1647	4265
1741	4267
1647	4267
1742	4268
1284	4269
1742	4270
1743	4270
1666	4271
1580	4273
1581	4273
1119	4274
371	4275
1625	4275
1664	4275
1119	4276
1733	4277
1689	4277
1735	4277
1744	4278
1733	4279
1689	4279
1735	4279
1661	4280
1615	4282
1009	4282
1745	4283
1496	4285
1746	4285
1728	4286
1636	4287
1673	4288
1440	4291
1139	4291
1511	4292
1717	4294
1679	4294
1630	4295
1632	4295
1630	4296
1747	4298
1748	4298
1427	4299
1573	4299
1743	4302
1691	4303
1689	4305
1550	4306
1749	4307
1750	4307
1748	4310
1748	4311
1748	4312
1751	4313
1651	4314
1752	4315
1645	4315
851	4317
988	4317
1714	4318
1714	4319
1753	4319
1754	4320
1754	4321
1754	4322
1639	4322
1570	4323
1642	4325
835	4327
1753	4327
846	4330
1632	4331
1744	4333
1650	4337
1650	4338
1691	4338
1616	4339
1009	4339
1615	4339
1662	4340
1692	4341
1755	4341
1713	4343
1410	4344
1647	4345
1722	4347
1657	4348
1654	4348
1665	4349
1662	4349
1410	4350
1100	4351
1687	4351
1707	4353
1756	4354
1667	4355
1633	4356
1642	4356
1731	4357
1757	4359
1317	4359
1577	4359
1654	4361
1700	4362
1701	4362
1628	4362
1653	4363
1427	4363
1647	4364
1741	4364
1711	4365
1183	4365
1696	4365
907	4366
1758	4367
1751	4367
1725	4368
1726	4368
908	4368
1727	4368
1680	4369
1682	4369
1683	4369
1711	4370
1681	4370
904	4371
1183	4372
908	4372
1741	4374
1759	4374
1760	4375
835	4376
1684	4376
1685	4377
1737	4378
1761	4378
1715	4379
1629	4380
1762	4380
371	4381
1701	4382
1763	4382
1764	4383
1765	4383
1183	4384
805	4385
1667	4385
1766	4385
1678	4385
1714	4386
1701	4387
1678	4387
835	4388
1760	4389
1138	4389
1183	4390
1661	4390
1701	4391
1767	4391
1763	4391
1684	4392
1768	4393
1282	4394
1769	4394
1638	4395
1714	4395
951	4396
1627	4397
906	4397
1690	4397
1691	4397
1770	4397
1761	4398
1759	4399
1301	4400
1302	4400
1771	4401
1637	4401
1648	4401
1772	4402
1708	4402
1678	4402
1640	4403
1773	4403
1774	4403
1642	4403
1410	4404
1775	4405
1688	4405
1733	4406
1689	4406
1735	4406
1776	4406
805	4408
1667	4408
1766	4408
1777	4409
805	4410
1667	4410
1766	4410
1654	4411
1653	4412
1778	4412
1657	4412
1427	4412
1779	4412
1760	4413
1427	4413
1705	4414
1780	4414
1667	4415
1746	4415
1638	4417
1138	4417
1715	4418
1716	4418
1781	4418
1654	4418
1688	4419
1701	4420
1685	4420
1782	4420
1691	4420
1770	4420
1783	4422
1653	4422
1778	4422
1654	4422
1427	4422
1779	4422
1643	4424
1758	4425
1751	4425
1644	4426
1748	4426
1738	4427
1781	4428
1652	4429
1657	4429
371	4430
1664	4431
1704	4432
1768	4433
951	4434
1640	4435
1642	4435
835	4436
1684	4436
1689	4436
1735	4436
1776	4436
1656	4437
1685	4437
1736	4437
1771	4438
1784	4438
1701	4439
1785	4439
1184	4440
1119	4441
1640	4443
1684	4443
1410	4443
1786	4444
1787	4444
1664	4445
1688	4446
1701	4448
1788	4448
1789	4448
1790	4449
951	4450
1791	4451
1792	4452
1654	4452
1686	4453
1688	4453
1648	4454
1690	4455
1691	4455
1661	4455
1630	4456
1689	4458
1760	4459
1138	4459
1427	4459
1133	4460
1705	4461
1777	4462
1793	4462
1748	4464
1787	4465
1670	4466
1669	4466
1671	4466
1686	4467
1691	4467
1770	4467
1628	4468
1139	4468
1792	4470
1654	4470
1770	4471
1691	4471
1684	4472
1782	4472
1783	4474
1760	4474
1723	4475
1690	4475
1657	4475
1781	4476
1794	4476
1628	4477
1756	4478
1772	4479
1795	4479
1773	4480
1774	4480
1642	4480
1773	4481
1774	4481
1701	4481
1655	4482
1638	4483
1795	4483
951	4484
1715	4485
1665	4486
1662	4486
1758	4487
1751	4488
1791	4489
1633	4489
1638	4489
1795	4489
1643	4490
1301	4491
1667	4492
1701	4494
1794	4495
1654	4495
1282	4496
1686	4496
1629	4496
1769	4496
1796	4497
909	4497
1301	4498
1797	4501
1773	4501
1774	4501
1642	4501
1761	4502
1786	4503
1787	4503
1650	4504
1702	4506
1790	4506
1664	4507
1797	4508
1642	4508
1793	4509
1796	4510
1653	4511
1658	4511
1631	4512
1653	4513
1784	4513
1595	4513
1798	4515
1799	4516
1798	4517
1800	4520
1801	4520
1802	4520
1803	4522
1804	4523
1587	4524
1804	4525
1804	4527
1805	4528
1806	4529
1805	4530
1806	4531
1807	4531
1808	4531
1809	4532
1810	4536
1811	4536
1812	4536
1813	4537
1814	4537
1815	4537
1810	4538
1811	4538
1812	4538
1816	4539
1817	4539
1818	4540
1676	4541
1099	4544
1345	4544
1819	4545
1820	4546
1821	4547
1822	4548
1191	4550
1823	4551
1824	4551
1825	4551
1826	4552
1827	4553
1828	4553
1829	4554
1830	4554
1831	4555
1832	4556
1833	4557
1624	4558
1168	4558
1833	4559
608	4560
1834	4560
1835	4560
608	4562
1835	4562
1836	4564
1837	4564
1838	4564
1839	4564
1836	4566
1838	4566
1839	4566
1840	4567
1841	4567
1842	4567
1831	4568
887	4569
888	4569
889	4569
890	4569
891	4569
1843	4570
1844	4571
1845	4572
1846	4572
1847	4572
1848	4573
1849	4573
1850	4576
1851	4577
1852	4577
1832	4579
1853	4580
1854	4582
1855	4583
1819	4585
1268	4586
1646	4587
1856	4588
1857	4588
1858	4590
1859	4595
1860	4596
1861	4598
1862	4600
1863	4601
1864	4601
1865	4601
1862	4602
1866	4603
1867	4604
1866	4605
1866	4607
1868	4609
1129	4610
1130	4610
1869	4612
1870	4612
1871	4612
1872	4612
1873	4612
1874	4612
480	4615
1875	4618
1876	4618
1877	4618
1022	4619
1878	4620
1879	4624
1880	4625
1881	4625
1740	4626
1505	4628
1882	4629
1883	4630
1884	4630
1885	4630
1882	4631
1882	4633
1882	4635
1843	4635
1886	4637
1828	4638
1414	4642
1414	4644
1478	4645
1887	4646
1888	4646
1887	4649
1888	4649
1889	4650
1890	4651
1891	4652
750	4652
1841	4653
1840	4653
1892	4655
1870	4656
1871	4656
1873	4656
1893	4657
724	4657
1894	4658
1895	4659
1896	4659
1897	4660
1898	4660
1803	4662
1274	4664
625	4664
1803	4665
1899	4665
1803	4666
1900	4666
1901	4666
1902	4667
1903	4671
1904	4671
1729	4672
1894	4672
1799	4673
1825	4673
1905	4673
1825	4674
1906	4674
1799	4675
1907	4676
1908	4676
1909	4676
1799	4677
1893	4677
1910	4678
1893	4678
1896	4678
1911	4679
1831	4680
1893	4680
1817	4681
1912	4682
1896	4682
655	4682
1913	4684
1914	4685
1915	4686
1916	4687
1917	4687
1918	4688
1919	4690
1800	4690
1457	4691
1893	4691
1456	4691
1918	4692
1920	4693
1918	4694
1896	4694
1920	4695
1918	4696
1921	4698
1922	4698
1860	4702
1923	4703
1924	4703
1925	4704
1807	4708
1925	4710
1926	4711
1860	4711
1927	4712
1928	4712
1887	4712
1926	4713
1860	4713
1929	4714
1826	4715
1800	4715
1904	4716
1826	4717
1800	4717
1803	4718
1827	4720
1828	4720
1826	4721
1132	4722
1338	4722
1422	4722
1337	4722
1830	4725
1930	4728
1931	4728
1837	4730
1932	4732
1933	4738
1934	4739
1935	4739
1809	4740
1936	4741
1937	4742
1938	4742
1939	4743
1940	4743
1941	4745
1942	4746
1943	4747
1944	4747
1945	4747
1592	4748
1807	4748
1592	4750
1807	4750
1592	4752
1807	4752
1382	4752
1284	4754
1739	4754
1946	4756
1383	4756
1877	4757
1947	4758
1948	4760
1949	4761
1950	4761
1951	4761
1952	4762
1889	4764
1745	4766
1953	4766
1954	4766
1955	4771
1956	4774
1957	4774
1958	4778
1946	4780
1383	4780
1959	4782
1954	4782
1960	4782
1961	4784
1911	4784
1843	4785
1962	4787
1962	4789
1429	4790
1961	4791
1911	4791
1922	4792
1936	4795
1956	4796
1429	4797
1397	4800
1807	4801
1592	4801
1397	4802
1807	4803
1592	4803
1963	4805
1402	4806
1403	4806
1905	4807
1936	4808
1964	4808
1946	4809
1965	4810
1513	4811
1467	4811
1966	4812
1967	4813
1968	4813
1969	4814
1970	4815
1970	4816
1971	4816
1902	4817
1972	4818
1834	4818
1972	4819
1834	4819
1973	4822
1973	4823
1973	4824
1973	4825
1973	4826
1965	4826
1973	4827
1965	4827
1973	4828
1855	4829
1646	4832
1974	4834
1809	4834
1975	4835
1976	4835
1977	4835
1976	4836
1864	4837
1978	4837
1863	4837
1865	4837
1602	4838
1603	4838
1922	4840
1979	4840
1980	4841
653	4842
1887	4843
653	4845
1940	4848
1981	4848
1923	4849
1924	4849
1982	4850
1641	4850
1906	4850
1983	4852
1854	4853
1969	4853
1584	4854
1842	4854
1984	4855
1818	4856
1985	4857
1986	4861
1987	4861
1959	4861
1960	4861
1905	4862
1899	4863
1905	4864
1988	4864
1899	4865
1802	4866
1800	4866
1801	4866
1976	4869
1989	4871
1990	4871
1976	4871
1896	4872
1963	4872
1857	4874
1856	4874
1905	4875
1991	4876
1842	4876
1840	4876
1991	4878
1842	4878
1992	4878
1802	4879
1800	4879
1968	4881
1967	4881
1974	4883
1323	4885
207	4885
1911	4888
1993	4889
1994	4890
1995	4891
1996	4892
1997	4892
809	4895
1916	4895
1917	4895
1232	4896
1974	4897
1998	4898
1999	4898
2000	4898
1940	4903
1981	4903
1896	4904
1936	4904
1478	4905
1905	4905
2001	4907
1905	4908
1970	4909
1971	4909
1901	4911
1844	4917
1859	4918
1980	4919
1745	4921
1953	4921
1892	4923
483	4924
2002	4925
2003	4925
2004	4925
1405	4925
1406	4925
1407	4925
2005	4926
2006	4926
2007	4927
2008	4927
2009	4927
2010	4927
2011	4927
1893	4928
1999	4929
2000	4929
1998	4929
2012	4931
2013	4931
1403	4932
1822	4933
1403	4934
1402	4934
1583	4934
1915	4937
2014	4937
1403	4938
1597	4939
2015	4939
1993	4940
1263	4940
2016	4942
2017	4943
2016	4944
2018	4945
553	4946
1875	4947
1876	4947
1877	4947
1397	4948
1589	4951
1598	4951
1591	4951
1590	4951
1846	4952
1806	4953
1808	4953
1807	4953
1846	4956
1841	4956
1929	4957
2019	4958
1799	4958
2020	4958
2021	4959
2022	4961
1846	4961
1397	4962
1983	4964
1800	4966
1802	4966
2001	4968
2023	4969
2024	4970
2025	4971
2026	4971
1986	4972
1959	4972
1960	4972
1848	4973
1849	4973
2027	4974
2028	4975
2029	4975
1901	4975
2030	4976
2031	4976
2026	4977
1966	4977
2007	4979
2008	4979
2009	4979
2010	4979
2011	4979
1887	4980
1876	4981
1875	4981
1877	4981
1875	4982
1876	4982
1877	4982
1829	4983
1989	4984
1976	4984
2032	4984
1989	4985
2033	4985
2034	4985
1876	4986
1875	4986
1877	4986
1826	4988
2035	4988
2036	4989
1830	4989
2037	4990
1800	4990
1976	4991
1964	4992
1926	4993
1860	4993
2038	4994
2039	4995
2040	4995
2041	4995
1807	4995
2021	4996
1943	4997
1944	4997
2042	4999
2043	4999
2044	4999
2045	4999
2046	5000
1989	5000
2047	5000
2048	5002
2048	5004
1950	5004
2049	5004
1861	5005
1804	5005
1949	5006
1919	5007
1800	5007
1984	5008
2049	5009
2050	5009
2019	5009
2003	5011
2002	5011
2004	5011
1405	5011
1406	5011
1407	5011
1803	5012
1952	5012
2051	5012
2052	5013
1828	5013
2053	5013
1902	5015
1990	5018
1829	5018
2054	5019
1893	5020
2021	5023
2055	5025
1900	5026
1803	5026
1952	5026
2056	5027
1921	5029
1979	5029
1922	5029
1830	5030
1979	5031
1922	5031
2057	5035
2058	5036
2059	5037
1397	5037
2060	5037
2051	5039
2061	5040
1799	5040
2020	5040
1903	5043
1799	5045
2061	5045
1941	5046
2062	5046
2063	5047
2064	5047
1825	5048
1989	5049
2046	5049
2047	5049
2065	5050
2066	5052
2067	5052
1832	5052
2068	5053
2069	5053
1999	5055
1998	5055
2070	5057
1989	5057
1899	5058
1820	5059
2059	5060
1397	5060
2060	5060
1813	5061
1815	5061
2022	5062
1846	5062
796	5064
2071	5064
796	5065
2071	5065
2072	5066
1905	5066
1364	5067
1826	5068
2073	5068
2074	5070
2075	5070
1589	5071
1507	5071
1129	5072
2076	5073
2077	5073
1905	5073
2078	5073
1433	5074
2079	5074
2080	5074
2081	5075
2082	5076
2083	5077
2084	5077
2085	5077
2086	5077
1915	5078
1905	5079
2078	5079
1582	5080
2059	5082
1397	5082
2060	5082
2087	5084
2048	5085
1982	5086
1825	5086
1861	5087
2088	5088
2089	5088
2049	5089
2050	5089
2048	5089
1905	5091
2090	5093
2073	5093
2091	5093
1905	5093
2092	5095
1814	5095
1869	5095
1864	5095
1978	5095
2093	5095
2094	5095
2095	5095
1898	5096
2064	5097
1823	5097
2063	5097
981	5097
2096	5098
2097	5098
1131	5099
1130	5099
2098	5101
1934	5101
1799	5101
1910	5101
1975	5104
1976	5104
1977	5104
2099	5106
2087	5106
2100	5106
2054	5106
1989	5107
2070	5107
2033	5107
2101	5108
2102	5108
2099	5109
2087	5109
2100	5109
2054	5109
1803	5110
2005	5111
2006	5111
2103	5113
2104	5113
1850	5116
1826	5117
877	5119
1893	5119
2105	5120
2106	5120
1878	5120
2107	5121
1971	5122
1970	5122
1941	5123
1989	5124
2070	5124
2028	5125
1901	5125
2029	5125
2055	5127
1241	5127
2108	5128
1549	5129
2109	5129
2110	5129
1844	5131
1976	5131
1892	5132
2067	5133
2066	5133
1832	5133
2111	5136
2112	5136
1922	5139
1979	5139
2113	5140
2114	5140
2115	5140
1937	5142
1938	5142
2116	5144
2021	5145
1905	5147
2117	5148
2118	5148
1890	5149
1893	5150
1935	5151
2119	5152
2120	5152
2121	5152
2114	5154
1989	5156
1826	5156
2122	5159
2080	5159
2079	5159
2123	5160
2097	5160
2054	5160
2001	5161
2031	5162
1592	5163
2073	5165
2082	5165
1939	5166
2124	5168
1941	5168
2125	5168
2126	5168
2127	5169
1912	5170
1592	5170
1905	5170
2128	5171
2078	5171
2087	5173
2099	5173
1861	5174
1912	5175
2129	5175
1850	5176
2054	5178
2130	5178
2131	5179
2127	5179
1893	5179
1896	5179
877	5181
2077	5181
2104	5182
2103	5182
1799	5183
2098	5183
1928	5185
2132	5185
1989	5187
2133	5187
2034	5187
1915	5189
2046	5191
1989	5191
2047	5191
2134	5192
2135	5192
2075	5192
1994	5193
2116	5194
2065	5195
2136	5195
2137	5195
2138	5196
2058	5197
2090	5198
2072	5198
1958	5199
2139	5200
2103	5200
1935	5201
1897	5203
2129	5204
1935	5204
2140	5204
2107	5205
2141	5205
2142	5208
1831	5209
2143	5210
2077	5210
1905	5210
2073	5210
2144	5211
1911	5212
2124	5213
1941	5213
2125	5213
2126	5213
2145	5213
1592	5214
1807	5214
2109	5214
2014	5216
2146	5218
1960	5218
1828	5218
1745	5219
2073	5220
1623	5221
2088	5222
2089	5222
2021	5223
1989	5224
2032	5224
1807	5225
1613	5228
1905	5228
2077	5228
2063	5229
1907	5230
1908	5230
1909	5230
2131	5231
2053	5233
2052	5233
1828	5233
2147	5233
1485	5234
1981	5236
1802	5239
1800	5239
1861	5240
2148	5241
2149	5241
2150	5241
1845	5242
2151	5242
2152	5242
2153	5242
2119	5243
2154	5243
2120	5243
2121	5243
2155	5244
2051	5244
2142	5246
1912	5247
1941	5247
2156	5247
2157	5249
2158	5249
1931	5249
1989	5250
2070	5250
1745	5251
1948	5253
2159	5253
7	5253
1822	5254
1868	5254
2074	5255
2160	5255
2117	5256
2118	5256
2161	5259
2162	5259
2163	5259
1252	5259
2091	5260
2158	5260
2164	5260
1861	5261
2110	5263
1549	5263
2154	5263
801	5264
2057	5265
2024	5266
2165	5267
888	5268
887	5268
890	5268
1323	5269
2166	5271
1845	5272
1846	5272
1847	5272
2167	5273
2168	5273
2042	5273
2043	5273
2044	5273
2045	5273
2122	5274
2080	5274
2073	5274
2079	5274
1889	5276
1955	5276
2169	5277
1996	5278
1997	5278
1985	5280
2101	5282
2102	5282
1941	5284
2170	5285
1956	5286
1957	5286
2073	5287
2114	5289
2115	5289
2113	5289
2082	5291
1950	5292
1861	5293
1807	5293
2171	5297
2172	5297
2172	5300
2171	5300
2159	5301
2173	5303
1798	5304
1986	5305
1959	5305
1987	5305
333	5306
1840	5307
1842	5307
2155	5308
2130	5310
2054	5310
1880	5311
2027	5311
1881	5311
2025	5312
2026	5312
2054	5313
2099	5313
2096	5313
2123	5313
1978	5314
1864	5314
2174	5315
1821	5316
2175	5317
2176	5317
2177	5317
2069	5318
2068	5318
1823	5319
2178	5319
2179	5319
1970	5320
2180	5323
1989	5323
2070	5323
2181	5323
2182	5324
2183	5325
2184	5325
2095	5326
2092	5326
1869	5326
2185	5327
2186	5327
2187	5327
2188	5329
1881	5329
652	5331
2189	5333
2190	5333
2191	5334
1596	5335
2192	5336
1864	5336
2016	5336
2193	5337
2194	5339
2195	5339
2192	5339
2149	5340
2196	5340
2197	5340
2198	5341
2198	5342
2199	5342
2200	5342
2201	5342
2065	5343
2137	5343
2136	5343
2202	5344
2203	5344
2092	5345
2204	5345
1883	5346
1884	5346
1885	5346
2106	5347
2105	5347
2205	5348
2206	5348
2207	5348
2208	5349
2209	5349
2210	5349
2100	5350
1872	5350
1871	5350
1864	5351
2192	5351
2016	5351
2211	5352
2212	5352
2184	5353
2183	5353
1813	5354
2213	5354
2205	5354
2192	5354
2117	5355
2118	5355
2166	5356
2214	5356
1646	5357
2215	5358
2216	5358
1989	5358
2190	5363
2189	5363
2217	5363
2218	5365
2219	5365
2187	5366
2185	5366
2220	5368
2221	5368
2222	5368
1894	5369
635	5369
2114	5371
2115	5371
2223	5372
1881	5372
2224	5372
2017	5373
1989	5375
2046	5375
1735	5378
2162	5379
2225	5379
1864	5381
2093	5381
2226	5382
2175	5382
2176	5382
2177	5382
2227	5383
2228	5383
2229	5384
2230	5384
1931	5384
2223	5385
1881	5385
2224	5385
1861	5387
2205	5388
2206	5388
2204	5388
2094	5392
1873	5393
1871	5393
1874	5393
1869	5393
2229	5394
2230	5394
1931	5394
2207	5396
2205	5396
1815	5396
2161	5397
2162	5397
2163	5397
1252	5397
2182	5398
2174	5399
2231	5400
2232	5400
1889	5400
1986	5401
2114	5403
2148	5404
2149	5404
2150	5404
2182	5405
2138	5405
2037	5406
1800	5406
2233	5407
1844	5407
2220	5408
2221	5408
2222	5408
2215	5410
2216	5410
1989	5410
2133	5410
2221	5411
2023	5412
2090	5413
2073	5413
1969	5414
2234	5415
2166	5415
2234	5416
2166	5416
2214	5416
2235	5416
2236	5416
2237	5417
2212	5418
1854	5419
1877	5420
2111	5421
2112	5421
2238	5422
2239	5423
421	5425
1913	5425
2232	5426
2231	5426
1889	5426
584	5427
629	5428
2061	5428
2101	5428
2037	5430
1800	5430
2013	5431
2012	5431
1850	5433
1927	5434
2132	5434
2240	5436
1882	5439
2039	5441
2040	5441
1850	5442
1920	5443
2144	5444
2155	5445
2241	5445
2182	5446
2138	5446
2180	5447
2242	5447
2243	5449
2244	5450
2241	5450
2245	5451
2246	5451
1942	5451
2247	5451
2248	5451
2147	5451
1974	5452
2249	5453
2250	5453
2251	5454
1570	5455
2252	5459
1995	5460
2244	5462
2241	5462
2253	5463
1828	5464
1604	5465
1486	5466
1974	5469
1604	5470
2254	5471
142	5473
1605	5474
2252	5475
2255	5478
1951	5480
1886	5482
2256	5483
2257	5483
1852	5486
2248	5487
1491	5489
1734	5491
2169	5491
2246	5492
2258	5494
2259	5494
2260	5494
1800	5495
2155	5495
2261	5497
2155	5499
2241	5499
2246	5500
1387	5500
2038	5503
1752	5504
2253	5505
2245	5509
2259	5510
2258	5510
2260	5510
2262	5514
2241	5514
1950	5515
2051	5515
2263	5516
2244	5517
2241	5517
2245	5518
2251	5523
2264	5532
2265	5532
2245	5533
1942	5534
2266	5543
2267	5543
2268	5543
2018	5544
1755	5546
1604	5547
2269	5547
1842	5549
1841	5549
1852	5550
2263	5551
1453	5552
2270	5552
2265	5553
2264	5553
1851	5556
1852	5556
1947	5559
2271	5559
1409	5559
2256	5564
2257	5564
1575	5565
2272	5566
2270	5566
2254	5567
1719	5568
2271	5568
2266	5569
2267	5569
2268	5569
1992	5570
2252	5574
2255	5574
2262	5580
2241	5580
1323	5582
1891	5586
2246	5588
1891	5589
2255	5593
2261	5598
2247	5599
2249	5600
2250	5600
1799	5601
1845	5601
2151	5601
2153	5601
2166	5603
2236	5603
2146	5604
1960	5604
1831	5605
1849	5606
1989	5607
2070	5607
1841	5607
1976	5610
1826	5611
1831	5613
1111	5614
2036	5615
1830	5615
2129	5616
1912	5616
2140	5616
2157	5617
2158	5617
1931	5617
2083	5618
2084	5618
2086	5618
2085	5618
1111	5619
2173	5621
2143	5622
2077	5622
2073	5622
1905	5622
2180	5624
2242	5624
1989	5624
2181	5624
2145	5626
1941	5626
1826	5627
2035	5627
2065	5628
1826	5629
2157	5631
2158	5631
1931	5631
2273	5633
2077	5633
2073	5633
2056	5634
2033	5636
1800	5636
1945	5639
2077	5641
2274	5645
2275	5646
1183	5647
1952	5648
1405	5649
1406	5649
1407	5649
2074	5650
2160	5650
2276	5651
1828	5651
2053	5651
2174	5652
2041	5654
2233	5655
1844	5655
2073	5661
2277	5662
2278	5662
1993	5662
2149	5663
2196	5663
2197	5663
2166	5665
2234	5665
2139	5666
2168	5668
2167	5668
2042	5668
2043	5668
2044	5668
2045	5668
1970	5669
1865	5670
1406	5674
1405	5674
1407	5674
2279	5675
1993	5675
2280	5676
2134	5676
2135	5676
2075	5676
2160	5676
1853	5676
1914	5677
2239	5680
2180	5681
2242	5681
1867	5685
2125	5688
652	5688
1641	5689
2281	5689
2141	5691
1745	5694
1183	5695
2275	5695
2227	5696
2228	5696
2113	5697
2114	5697
2115	5697
2282	5699
2164	5699
2235	5700
2166	5700
2079	5701
2283	5702
2284	5702
1892	5703
2082	5704
2078	5704
2211	5706
2212	5706
1879	5707
1803	5708
1900	5708
2178	5709
1823	5709
1824	5709
2179	5709
1845	5710
2152	5710
1799	5710
2153	5710
2215	5711
1989	5711
1898	5712
2283	5712
2108	5713
1830	5713
2203	5714
2285	5715
2286	5715
2077	5715
1893	5715
2287	5718
2288	5718
2283	5718
2284	5718
2240	5719
2092	5721
2204	5721
2285	5722
2286	5722
2077	5722
1893	5722
1178	5723
2128	5723
1507	5724
796	5724
1589	5724
2282	5727
2164	5727
2117	5728
2118	5728
2277	5730
2278	5730
1898	5731
2202	5734
2203	5734
2076	5736
2077	5736
1905	5736
2078	5736
2289	5737
2290	5737
2291	5737
1976	5737
2292	5739
2293	5739
2294	5740
1317	5740
2156	5741
2129	5741
2081	5743
2030	5744
2006	5744
1993	5744
2276	5745
2052	5745
2053	5745
1828	5745
1895	5746
2131	5746
2289	5747
2290	5747
2291	5747
1976	5747
2287	5748
2288	5748
2283	5748
2237	5749
2092	5750
2235	5751
2166	5751
2200	5753
2199	5753
2198	5753
2198	5754
2199	5754
2200	5754
2201	5754
2188	5756
1881	5756
2236	5757
2238	5759
1933	5760
2194	5761
2195	5761
2192	5761
2157	5763
1930	5763
2158	5763
2292	5764
1932	5764
2293	5764
2191	5765
2185	5765
2186	5765
2213	5767
2205	5767
1815	5767
2016	5767
1970	5768
2190	5769
2217	5769
2279	5771
1022	5772
2229	5773
1931	5773
2193	5774
2166	5775
2235	5775
2295	5775
2236	5777
2294	5778
2141	5779
2163	5781
2225	5781
2162	5781
2280	5782
2160	5782
1853	5782
1960	5784
2295	5785
2226	5786
2175	5786
2219	5787
2218	5787
2208	5788
2210	5788
2209	5788
2281	5789
2235	5789
2296	5790
2297	5791
2298	5792
2299	5792
2300	5793
2301	5793
2300	5794
2302	5795
2303	5795
2304	5796
859	5797
1757	5800
1317	5800
2305	5801
1858	5802
2306	5803
2307	5803
2308	5803
2309	5803
2310	5803
2311	5803
2312	5803
2313	5803
2314	5804
2315	5806
1227	5806
2316	5807
1199	5807
2317	5807
2318	5807
2319	5807
964	5807
2320	5807
2315	5808
2270	5810
2321	5811
2322	5811
2323	5811
1750	5813
1749	5813
2324	5813
1190	5814
2325	5815
2326	5816
2327	5816
1747	5816
2308	5817
2307	5817
2309	5817
2310	5817
2306	5817
2311	5817
2312	5817
1764	5818
1765	5818
2272	5821
2328	5823
2329	5823
2269	5823
2330	5824
2285	5825
2331	5826
2332	5826
2333	5827
2334	5827
2335	5827
1384	5828
2336	5829
2321	5830
2322	5830
2323	5830
2337	5831
2338	5831
2339	5831
1714	5832
2304	5833
2324	5834
2340	5834
2335	5834
2341	5835
2342	5835
2310	5836
2306	5836
2312	5836
1596	5837
2296	5838
1170	5838
981	5839
2121	5839
1043	5840
2343	5840
2342	5842
2315	5843
2340	5843
2344	5844
2345	5845
2313	5846
815	5846
1747	5847
2346	5848
2320	5848
2301	5848
2062	5850
1941	5850
2296	5850
2326	5851
2327	5851
2305	5851
1701	5852
1767	5852
2347	5852
257	5853
2348	5853
815	5853
1556	5854
2170	5855
2325	5857
1493	5859
1371	5859
2349	5860
2350	5860
846	5861
2340	5862
2351	5862
2337	5863
2339	5863
2331	5864
2332	5864
2314	5866
2352	5868
2353	5868
2345	5868
2354	5868
2355	5868
1006	5869
1674	5869
2356	5870
1669	5870
2170	5871
2355	5871
2357	5871
2358	5873
2359	5877
2338	5878
2339	5878
2360	5879
979	5880
2314	5881
2353	5882
2352	5882
2345	5882
2354	5882
2355	5882
2360	5883
2361	5884
2362	5884
2363	5884
2326	5884
2357	5885
2364	5886
981	5886
2326	5887
2327	5887
2365	5887
2305	5887
2366	5888
2316	5889
1199	5889
2317	5889
2318	5889
2319	5889
964	5889
2320	5889
2367	5890
1762	5890
2313	5890
2342	5891
2343	5892
1426	5893
2368	5894
2346	5894
2369	5894
2370	5895
2336	5895
2371	5895
2372	5897
2359	5897
2373	5897
2374	5900
1627	5900
1701	5902
1785	5902
2305	5903
2297	5905
2375	5905
2341	5906
2347	5907
2376	5908
2377	5909
1231	5909
2323	5910
2270	5911
2331	5912
2332	5912
2378	5913
2274	5914
2379	5915
2380	5916
2015	5916
2381	5917
2379	5917
2382	5921
2376	5921
1106	5921
1404	5921
2302	5922
2303	5922
1576	5923
2357	5923
2383	5924
2384	5924
2366	5924
2374	5925
1629	5925
2269	5926
2351	5926
2305	5927
2313	5928
2367	5928
1762	5928
1788	5929
1789	5929
2315	5930
2362	5931
2363	5931
2361	5931
2330	5932
2385	5933
2386	5933
2387	5933
1170	5933
2356	5934
2370	5935
2384	5935
2388	5938
2389	5938
2390	5938
2336	5938
296	5939
2391	5939
1404	5939
2350	5940
2324	5940
1537	5941
1447	5942
2365	5942
2302	5943
2305	5943
2381	5945
2379	5945
2392	5946
2380	5948
2393	5948
2015	5948
2360	5949
2329	5950
2328	5950
2269	5950
2392	5951
2394	5952
2395	5952
979	5953
2372	5956
2373	5956
2359	5956
2348	5957
1775	5957
2296	5957
2382	5958
849	5958
2383	5959
2384	5959
2346	5961
2369	5961
2368	5961
2336	5962
2388	5962
2390	5962
2389	5962
2371	5962
2273	5963
2303	5964
2302	5964
2375	5965
2332	5965
2339	5965
2364	5966
1419	5966
961	5966
2358	5968
2392	5969
2379	5969
2360	5970
2377	5971
2391	5971
1701	5972
2380	5974
2393	5974
1780	5974
2015	5974
2349	5975
2344	5976
2385	5977
2386	5977
2387	5977
2395	5978
2394	5978
2269	5978
2379	5979
2333	5980
2334	5980
2298	5981
2299	5981
1956	5983
989	5983
2165	5983
1950	5984
1951	5984
2396	5985
2397	5986
2398	5986
2397	5987
2398	5987
2396	5988
2243	5988
1816	5991
2155	5991
1566	5993
2399	5994
2400	5994
2378	5995
1519	5995
1988	5996
1816	5997
1816	5998
1817	5998
2399	5999
2400	5999
