6	253
6	297
6	872
7	201
7	199
8	717
8	749
8	866
8	734
9	738
9	844
9	832
9	937
10	917
13	770
13	855
13	890
14	903
15	767
19	806
20	831
20	866
20	814
20	861
20	1095
22	884
22	740
22	982
22	806
26	144
26	189
26	1052
26	784
28	654
28	994
28	986
30	875
30	966
34	952
36	294
36	969
37	798
37	1050
39	1019
41	142
41	730
41	832
42	714
42	919
42	986
42	932
43	716
43	758
43	838
44	1061
44	991
45	762
46	218
46	996
47	749
47	734
48	730
49	977
49	1059
50	824
50	1004
50	1035
50	1057
50	1048
51	651
51	1040
51	784
52	274
54	725
54	735
54	969
54	924
54	806
54	1072
54	966
54	1015
55	54
55	725
55	806
56	770
57	55
57	188
57	969
57	966
57	843
58	1078
58	1074
59	973
60	874
60	734
60	719
60	940
60	1012
60	1095
60	784
62	635
62	770
63	784
64	737
65	714
65	758
65	774
65	806
65	842
67	806
67	977
69	753
70	744
70	811
70	1055
72	22
72	215
72	366
72	828
72	884
72	740
72	1008
72	735
72	806
72	1034
72	1072
72	1015
73	855
73	940
74	986
74	806
74	879
76	774
76	784
77	13
77	54
77	178
77	855
77	735
77	1073
77	956
77	949
77	784
77	1018
77	1063
79	802
80	196
80	258
80	190
80	718
81	663
81	973
82	943
83	716
83	844
83	925
84	717
85	960
85	784
86	294
86	780
86	979
86	1059
89	744
89	991
90	190
90	1077
93	990
94	270
94	770
94	926
95	772
100	1025
100	837
103	243
103	1059
104	806
104	784
106	73
106	304
106	762
106	986
106	896
106	1052
106	784
107	187
107	261
108	730
108	928
108	856
109	22
109	784
109	1092
111	877
111	1078
111	832
111	753
114	366
114	828
114	740
114	739
114	806
114	1042
114	1072
117	1013
117	1012
117	784
118	917
119	207
119	989
119	814
119	1021
120	855
121	714
121	919
121	1016
121	1039
121	802
121	857
121	856
121	869
121	892
121	879
121	784
122	124
122	215
122	391
122	366
122	270
122	775
122	787
123	269
123	352
123	261
123	375
123	247
123	926
123	1095
125	1054
126	721
126	1081
127	952
127	996
128	130
128	190
128	832
128	1073
128	1077
130	128
130	190
130	832
130	1073
130	1077
131	126
131	1006
132	730
132	789
132	987
135	802
138	913
138	832
138	1095
141	244
141	261
141	281
141	940
141	784
142	1031
142	1694
143	190
144	758
144	802
144	784
147	829
149	798
149	728
153	289
153	274
153	281
153	874
153	728
155	172
155	270
155	926
155	814
157	1031
159	852
160	774
160	928
163	73
163	855
164	274
164	178
164	238
164	757
164	896
164	719
164	924
164	1004
164	1028
164	1035
164	1063
168	738
168	896
168	926
168	1041
169	731
169	1050
170	926
177	658
177	880
177	936
178	779
178	855
178	805
178	1063
178	784
180	806
180	802
182	651
182	826
182	979
182	779
182	973
185	55
185	274
185	1004
187	1095
188	207
189	986
189	745
190	832
190	1073
190	1095
190	991
191	13
191	770
191	832
191	990
192	774
192	856
192	892
192	879
192	784
196	261
198	259
198	658
198	962
199	714
199	1039
199	784
201	716
202	774
202	1016
203	765
203	1095
204	658
204	1017
205	731
205	855
205	784
208	844
208	986
210	36
213	757
213	1057
215	884
215	1008
215	896
215	787
215	806
215	1042
215	1015
216	1084
218	1069
221	137
221	986
221	917
222	875
223	832
223	1026
229	772
229	806
231	73
231	178
231	1084
231	1063
232	178
232	1063
233	753
235	166
235	926
236	774
236	979
236	940
236	1092
237	747
237	852
237	736
238	757
239	1061
239	104
239	43
239	201
239	377
241	730
241	985
241	810
241	908
241	937
242	732
242	754
242	872
242	870
242	843
244	1031
247	726
247	827
247	926
247	1095
253	166
253	297
253	872
253	790
253	843
255	213
255	274
255	178
255	979
255	940
255	784
255	1092
258	1073
259	730
259	913
259	832
259	753
260	806
262	840
262	784
263	856
263	968
263	784
264	730
264	770
265	632
265	797
265	796
265	807
265	857
266	774
266	979
267	812
267	846
268	721
268	987
268	1016
268	1052
268	784
269	753
270	814
270	926
271	22
271	806
271	1042
272	172
272	926
273	940
273	784
274	99
274	50
274	129
274	227
274	185
274	178
274	290
274	737
274	757
274	884
274	855
274	986
274	896
274	719
274	924
274	806
274	1004
274	1028
274	1035
274	1048
274	1063
275	632
275	818
275	802
276	952
276	802
277	118
277	294
277	952
277	784
279	244
279	1021
280	795
280	786
280	833
280	989
281	650
281	714
281	874
281	651
281	888
281	774
281	919
281	848
281	861
282	56
282	753
284	1059
285	178
285	805
285	779
285	991
285	1063
287	832
287	921
287	779
289	986
291	1005
292	731
292	1036
293	730
293	811
294	896
297	790
297	852
297	1067
297	843
298	68
298	187
298	969
298	1017
301	178
301	855
301	1063
303	104
304	838
304	910
304	806
305	717
305	831
305	718
305	802
305	861
305	1018
306	958
307	795
308	1067
308	843
309	1004
309	1095
309	991
310	730
310	959
310	988
310	759
310	779
311	178
315	843
317	118
317	28
318	107
319	753
319	875
320	263
322	734
322	753
323	651
323	986
323	1030
324	22
324	72
324	215
324	366
324	1008
324	806
324	1015
325	240
325	244
325	658
326	36
326	274
326	419
326	802
327	832
327	969
327	896
327	745
327	784
328	268
330	342
330	93
330	198
332	107
333	734
334	32
334	226
336	172
336	366
338	763
339	22
339	806
339	1035
340	198
340	207
341	55
341	122
341	352
341	735
341	806
342	1021
343	1012
343	784
344	124
344	247
344	814
344	1095
346	128
346	207
346	190
346	1743
347	172
347	336
348	824
348	1048
349	144
349	189
349	199
349	832
349	1039
349	784
349	991
351	75
351	30
351	664
351	832
352	270
354	189
354	774
354	745
354	1081
354	902
355	663
356	56
357	94
357	124
357	352
357	270
357	926
359	189
359	745
360	270
360	943
360	926
361	26
361	144
361	1013
362	753
362	875
363	653
365	201
366	22
366	172
366	828
366	884
366	740
366	735
366	806
367	198
372	94
372	122
372	124
372	393
372	247
372	450
372	996
373	828
373	735
373	896
373	924
373	806
373	1072
376	170
376	306
376	958
376	926
377	43
377	100
377	104
377	201
377	716
377	654
377	758
377	1025
378	926
380	269
380	832
380	1067
380	1021
380	1017
382	968
382	938
383	780
383	829
385	973
385	650
386	336
390	336
391	926
391	814
391	779
392	45
392	13
393	843
395	913
397	375
397	806
397	1022
398	169
400	943
400	1026
400	949
403	926
404	352
404	247
404	926
405	73
405	986
405	806
405	966
406	770
406	943
406	926
407	654
407	758
408	60
408	207
409	198
410	292
410	731
410	747
410	736
411	298
412	107
412	1073
412	1061
412	991
413	1039
413	940
413	892
413	784
413	1092
414	85
414	294
414	780
415	1041
418	1027
418	772
420	178
420	391
421	36
421	216
421	1084
427	58
427	1074
428	116
428	777
428	746
429	956
430	812
431	280
431	190
431	863
431	969
431	806
431	1021
433	880
435	189
435	323
436	926
436	1046
437	316
437	159
437	867
439	342
439	198
439	455
439	1021
440	171
440	269
440	277
441	201
443	274
443	238
443	1004
443	1035
446	189
446	1092
446	971
447	243
447	1059
448	178
448	744
448	301
449	926
449	1048
449	1063
450	123
450	94
450	122
450	124
450	352
450	247
451	774
452	336
454	940
454	784
455	158
455	259
455	342
455	198
455	863
455	832
455	1021
455	784
456	784
457	959
458	263
458	854
458	834
458	968
459	919
459	986
460	966
461	198
461	455
461	832
461	753
462	69
462	68
462	329
462	203
462	212
462	635
464	327
465	144
465	1013
465	784
468	1012
468	784
469	811
470	123
470	188
470	193
470	346
470	170
470	412
470	190
473	393
473	430
473	812
474	714
474	919
474	932
475	274
476	896
476	1075
477	1059
478	22
478	72
478	324
478	366
478	806
480	193
481	103
481	832
482	172
482	663
482	926
483	39
483	274
483	170
483	372
483	943
483	926
486	843
487	484
489	158
489	332
489	356
489	537
489	198
489	1021
489	1743
491	736
494	158
494	1021
495	94
495	127
495	124
495	770
495	952
495	926
498	352
498	391
498	247
498	372
498	770
498	926
498	843
499	274
499	990
500	968
500	938
501	218
501	996
503	980
503	771
503	1050
505	1925
507	828
507	806
508	222
508	240
508	1572
509	282
509	309
509	298
510	306
511	55
511	274
511	443
511	655
511	884
511	1004
511	1035
513	73
513	178
513	998
513	921
513	779
514	94
514	122
514	124
514	352
514	145
514	344
514	376
514	207
514	372
514	450
514	190
514	775
514	1095
515	137
515	422
515	948
516	784
516	991
517	377
517	407
517	659
517	806
518	94
518	352
518	218
518	450
519	77
519	127
519	274
519	178
519	231
519	420
519	952
519	926
519	806
519	1004
519	1063
520	969
521	22
521	46
521	366
521	740
521	896
521	745
521	806
522	543
522	511
522	517
522	507
522	509
523	132
523	1067
523	843
525	73
525	45
525	988
525	1054
526	952
527	178
527	855
527	972
529	352
529	270
530	145
530	1561
530	1753
532	340
532	356
532	325
532	198
532	1600
532	1572
533	269
533	537
533	198
533	1672
534	116
534	428
534	1019
536	279
536	158
536	439
536	198
536	1600
537	41
537	269
537	198
537	190
537	863
537	1021
538	356
538	1555
538	1575
538	1691
539	41
539	430
539	565
539	560
540	89
540	301
540	921
540	779
540	1028
540	1060
541	64
541	187
541	340
541	332
541	771
541	1050
541	1095
542	36
542	198
542	1064
543	1080
544	240
544	325
544	753
545	832
546	255
546	475
546	198
547	203
548	188
549	770
551	158
551	198
551	1691
552	95
552	86
552	383
552	447
553	244
553	715
553	358
555	962
556	731
556	930
556	784
556	1061
556	991
557	41
557	158
557	282
557	244
557	342
557	356
557	439
557	207
557	537
557	198
557	827
557	1021
557	1005
558	463
558	959
560	46
561	280
561	342
561	439
561	198
561	1021
562	142
562	207
562	1031
563	94
563	352
563	247
563	814
564	63
564	123
564	122
564	124
564	352
564	391
564	247
564	207
564	812
564	1054
565	393
565	926
565	996
566	811
566	1030
567	784
569	284
569	140
569	106
569	304
569	414
569	780
570	22
570	72
570	122
570	215
570	187
570	54
570	324
570	325
570	806
570	1095
570	1742
571	127
571	924
571	996
572	253
572	297
572	843
573	356
573	198
573	990
574	182
574	236
574	921
574	779
576	6
576	253
576	297
577	758
579	228
581	64
581	41
581	198
582	69
583	268
583	294
583	323
583	198
586	139
586	318
586	421
586	392
586	358
587	261
588	207
588	198
588	784
589	36
589	210
589	468
589	294
589	784
590	913
590	959
591	255
591	811
592	28
592	86
592	198
593	129
593	274
593	1035
594	282
594	356
595	178
596	129
596	346
596	717
596	772
596	784
597	201
597	716
598	210
599	274
599	238
599	1028
600	64
600	36
600	1095
601	39
601	126
601	240
601	340
601	190
604	22
605	832
606	230
607	178
607	352
607	519
607	1061
609	501
610	342
610	255
610	198
610	730
610	914
610	913
610	925
610	940
610	908
611	324
613	198
613	1805
614	205
614	274
614	126
614	806
615	55
615	298
616	188
617	203
617	805
619	430
619	410
619	1061
620	72
620	122
620	215
620	324
620	924
620	806
622	36
622	210
622	589
625	198
626	418
627	863
627	1021
628	158
628	198
629	41
629	158
630	1572
630	1644
631	198
631	812
631	883
631	876
636	324
636	775
636	926
637	64
637	226
637	1075
637	1095
637	1017
638	365
638	1013
638	1012
638	784
639	94
639	124
639	926
640	831
641	123
641	514
641	814
643	827
644	393
644	519
644	855
644	926
645	64
645	274
645	475
645	784
646	418
646	420
646	912
646	972
646	861
646	1027
647	567
657	66
657	274
657	356
657	198
657	827
662	71
662	274
662	273
662	317
662	940
662	949
662	1092
665	457
665	198
908	730
910	716
910	659
910	838
910	651
914	789
914	771
914	810
914	784
915	717
915	753
916	663
916	843
917	716
917	774
919	716
919	714
919	940
922	783
922	735
922	806
924	635
924	737
924	757
924	735
924	806
924	784
925	844
925	846
926	663
926	852
926	843
928	716
930	784
932	716
932	714
933	635
933	762
933	765
933	830
937	730
937	810
939	779
948	730
949	726
949	855
950	796
950	783
953	786
954	655
954	806
956	912
959	803
959	812
962	730
962	794
962	895
962	784
963	794
967	828
967	735
967	806
968	784
969	832
971	716
971	654
971	758
971	884
971	745
971	806
972	748
972	772
973	730
973	761
973	794
973	835
973	858
973	826
973	926
973	815
973	843
974	730
974	810
977	716
977	714
977	838
977	910
977	825
977	820
977	837
981	818
982	658
982	757
982	880
982	651
982	828
982	735
982	806
985	730
985	762
985	765
986	758
986	774
987	789
987	714
987	784
988	846
989	795
989	786
989	832
991	831
991	744
991	866
991	832
992	762
993	642
994	716
994	714
994	813
994	838
994	910
994	821
994	977
997	794
997	835
997	858
997	833
997	826
997	815
998	716
998	635
998	737
998	921
998	779
1002	758
1002	795
1002	774
1002	784
1004	737
1004	757
1004	899
1004	896
1005	832
1006	833
1008	828
1008	806
1009	812
1012	802
1012	784
1015	828
1015	735
1015	745
1015	806
1015	842
1017	658
1017	1021
1018	831
1021	658
1021	863
1024	735
1024	806
1024	842
1025	813
1025	758
1025	821
1025	837
1027	831
1027	744
1027	809
1027	736
1030	743
1030	919
1030	784
1031	732
1031	832
1031	753
1031	875
1032	1000
1032	912
1033	797
1033	760
1033	805
1034	828
1034	735
1034	739
1034	966
1035	824
1036	730
1036	784
1036	789
1037	780
1037	856
1038	885
1038	832
1038	784
1039	650
1039	856
1039	784
1040	939
1040	779
1041	663
1041	795
1042	775
1042	806
1043	854
1043	834
1045	798
1045	728
1046	926
1049	798
1049	747
1049	962
1049	985
1049	1013
1051	663
1051	843
1052	716
1052	919
1052	784
1053	749
1053	744
1054	884
1054	988
1054	933
1055	844
1055	925
1055	730
1055	784
1056	979
1056	986
1056	917
1057	824
1057	839
1060	721
1061	747
1061	856
1061	930
1061	991
1063	717
1063	855
1063	784
1064	762
1064	801
1064	796
1064	765
1065	739
1065	954
1065	966
1066	832
1066	753
1066	875
1066	915
1067	663
1067	835
1067	826
1067	832
1067	843
1068	832
1068	1067
1068	843
1068	991
1072	828
1072	783
1072	735
1072	896
1072	806
1073	831
1077	831
1077	863
1079	921
1079	779
1080	880
1081	774
1085	356
1085	372
1086	63
1086	41
1086	216
1086	9
1086	329
1086	303
1086	421
1087	94
1087	352
1087	376
1087	170
1087	518
1087	450
1087	514
1087	926
1091	122
1091	269
1091	270
1091	372
1091	514
1091	926
1093	39
1096	39
1096	1572
1097	41
1097	280
1097	298
1097	431
1097	1600
1098	36
1098	324
1098	806
1098	1024
1099	107
1099	158
1099	198
1099	658
1099	1021
1099	1017
1101	340
1101	356
1103	41
1103	1775
1104	525
1104	988
1104	1054
1105	210
1106	59
1106	973
1107	429
1107	806
1109	94
1109	357
1109	518
1109	372
1109	498
1109	450
1109	926
1110	189
1110	452
1111	46
1111	486
1111	812
1111	876
1112	41
1112	537
1112	494
1114	26
1114	327
1114	516
1114	1039
1114	784
1115	221
1115	364
1115	198
1116	141
1116	158
1116	274
1116	342
1116	255
1116	439
1116	317
1116	198
1116	743
1116	1052
1116	784
1116	1092
1117	72
1117	341
1117	324
1117	828
1118	26
1118	784
1118	971
1119	479
1119	198
1122	391
1122	483
1122	540
1122	1040
1123	368
1125	346
1125	207
1125	198
1127	844
1127	925
1129	1078
1130	94
1130	124
1130	218
1130	372
1130	560
1130	926
1131	26
1131	349
1131	189
1131	784
1132	178
1132	574
1133	430
1133	665
1134	10
1135	127
1136	430
1136	539
1136	761
1136	812
1138	94
1138	124
1138	357
1138	372
1138	450
1139	274
1139	418
1139	972
1140	721
1141	35
1141	52
1141	36
1141	178
1141	275
1141	818
1141	981
1141	975
1142	39
1143	1041
1144	64
1144	346
1144	332
1144	570
1144	1095
1144	1897
1144	1825
1146	567
1146	1094
1147	507
1147	968
1147	938
1148	124
1148	352
1149	122
1149	352
1149	145
1149	341
1149	324
1149	604
1149	620
1149	926
1150	627
1151	124
1151	560
1151	563
1151	1021
1152	55
1152	39
1152	129
1152	182
1152	147
1152	287
1152	332
1152	198
1152	601
1152	806
1153	560
1153	563
1154	430
1154	560
1155	198
1155	774
1155	917
1156	1021
1156	1012
1156	784
1157	198
1158	1016
1161	274
1161	178
1161	475
1161	1048
1161	1063
1162	41
1162	464
1162	198
1162	615
1162	802
1163	171
1164	624
1164	966
1165	41
1165	557
1167	90
1167	261
1167	198
1167	190
1167	794
1167	863
1167	1095
1168	55
1168	37
1168	91
1168	340
1168	541
1168	798
1168	1067
1169	1793
1170	157
1170	158
1170	439
1170	538
1171	274
1172	128
1172	190
1172	831
1173	89
1173	40
1173	126
1173	540
1174	244
1174	356
1174	1575
1174	1743
1174	1752
1175	123
1175	124
1175	514
1175	1175
1176	172
1177	178
1177	519
1178	226
1178	1021
1180	968
1181	430
1181	539
1181	761
1181	812
1182	201
1182	597
1182	452
1182	198
1183	644
1183	926
1184	124
1184	533
1184	198
1185	94
1185	352
1185	357
1185	247
1185	372
1185	450
1187	193
1187	480
1188	207
1188	190
1189	94
1189	247
1189	565
1189	563
1189	814
1191	26
1191	189
1191	377
1191	758
1192	316
1192	731
1192	736
1192	1061
1193	73
1193	255
1194	476
1195	122
1195	352
1195	247
1195	270
1195	483
1195	498
1195	529
1195	644
1195	1087
1197	269
1197	198
1197	1685
1199	207
1201	46
1204	344
1204	644
1205	50
1205	274
1205	316
1205	420
1205	607
1205	437
1209	284
1210	1056
1211	347
1211	1075
1211	1080
1212	124
1212	247
1212	770
1212	814
1212	926
1213	115
1213	352
1213	334
1213	926
1214	240
1214	198
1214	1021
1216	316
1216	1092
1217	41
1217	139
1217	274
1217	298
1217	1086
1218	468
1218	638
1218	774
1218	892
1218	1012
1218	784
1218	1092
1218	1114
1219	303
1219	198
1219	1788
1219	1793
1222	78
1223	255
1223	986
1224	216
1224	1086
1224	1085
1224	1084
1225	276
1225	556
1225	744
1225	855
1225	945
1225	1061
1226	172
1228	926
1228	1009
1229	139
1229	1785
1230	611
1230	637
1230	1017
1230	1144
1231	36
1231	210
1231	583
1232	410
1232	437
1232	646
1232	619
1232	747
1232	831
1233	391
1233	420
1233	519
1233	449
1233	527
1233	607
1233	565
1233	646
1233	972
1234	63
1234	139
1234	421
1234	564
1234	812
1236	41
1236	332
1236	537
1236	198
1236	564
1236	562
1236	494
1236	1946
1236	1714
1238	41
1238	222
1238	158
1238	235
1238	240
1238	380
1238	508
1238	207
1238	532
1238	408
1238	503
1238	962
1238	494
1238	1045
1238	843
1238	1184
1239	605
1239	831
1239	912
1240	322
1240	734
1243	1219
1243	1221
1243	1217
1243	1224
1243	1229
1243	1234
1243	1236
1243	1244
1243	1246
1244	832
1245	230
1245	180
1245	361
1245	198
1247	72
1247	104
1247	201
1247	377
1247	654
1247	620
1247	758
1247	837
1248	274
1248	356
1248	325
1248	532
1248	544
1248	537
1248	198
1248	494
1248	1866
1250	207
1250	483
1251	41
1251	1067
1251	1095
1252	192
1252	451
1252	774
1253	400
1253	292
1253	539
1253	1181
1254	439
1254	537
1254	190
1254	1041
1254	1167
1254	1188
1255	560
1255	563
1255	1153
1256	198
1256	1978
1257	223
1257	1067
1258	514
1258	926
1259	745
1260	157
1260	78
1260	1741
1261	1819
1261	1150
1262	430
1262	467
1266	368
1266	952
1266	753
1266	1066
1268	430
1268	1154
1268	1133
1270	430
1270	1136
1270	1272
1271	363
1271	365
1271	198
1271	643
1271	1012
1271	784
1272	269
1272	812
1273	90
1273	439
1274	365
1274	364
1274	435
1274	1012
1275	198
1276	968
1276	938
1277	198
1277	833
1277	1006
1277	1253
1278	198
1278	1600
1281	5825
1281	2279
1282	46
1282	218
1283	342
1283	439
1283	583
1283	198
1283	1021
1284	36
1284	210
1284	969
1284	1810
1287	36
1288	198
1288	986
1289	236
1289	979
1289	784
1290	368
1290	358
1292	332
1292	532
1292	198
1292	1600
1293	39
1293	141
1293	274
1293	207
1293	198
1293	601
1293	599
1294	26
1294	1039
1294	784
1295	352
1295	247
1295	270
1295	372
1295	926
1296	959
1297	41
1297	158
1297	1600
1297	1572
1298	476
1298	1194
1300	226
1300	366
1300	476
1300	637
1300	1078
1300	1176
1300	1194
1301	41
1301	56
1301	139
1301	368
1302	457
1302	310
1302	198
1302	665
1302	832
1302	959
1303	41
1303	356
1303	198
1304	625
1304	1203
1305	132
1305	259
1305	959
1306	1013
1306	1012
1306	784
1306	1850
1307	47
1307	322
1307	717
1307	646
1307	734
1307	861
1308	41
1308	269
1308	537
1308	198
1309	274
1309	178
1309	301
1310	1600
1311	430
1311	198
1311	665
1311	959
1312	1600
1313	493
1313	467
1314	346
1314	190
1316	356
1316	594
1316	412
1316	770
1317	1045
1317	1017
1318	72
1318	210
1319	986
1319	1094
1320	172
1320	39
1320	347
1320	388
1320	498
1320	514
1320	926
1321	284
1322	316
1322	437
1322	751
1322	747
1322	744
1322	945
1323	212
1324	1097
1324	1805
1325	36
1325	439
1325	198
1325	455
1326	1263
1326	1265
1327	69
1327	545
1327	608
1327	969
1328	1629
1328	1754
1329	274
1329	255
1329	960
1329	806
1330	439
1330	198
1330	591
1331	806
1332	573
1332	1236
1333	198
1334	55
1334	39
1334	356
1334	601
1334	777
1334	614
1334	746
1335	46
1335	604
1335	1201
1336	346
1336	368
1336	190
1337	141
1337	1116
1338	72
1338	324
1338	366
1338	475
1338	735
1338	806
1339	611
1340	595
1340	1021
1341	49
1341	1059
1342	171
1344	198
1345	41
1345	169
1345	91
1345	315
1345	198
1345	770
1345	1067
1345	1112
1345	843
1345	1168
1345	1242
1346	198
1346	1633
1346	1810
1347	356
1347	1672
1347	1694
1348	463
1348	483
1348	590
1348	959
1348	937
1348	1946
1348	1182
1348	1146
1349	178
1349	439
1349	586
1349	1028
1349	1063
1351	1145
1353	63
1353	1086
1355	72
1355	366
1355	478
1355	1008
1355	735
1355	806
1357	282
1357	356
1357	557
1361	230
1361	606
1361	1245
1362	66
1362	657
1362	631
1362	811
1362	662
1363	72
1363	36
1363	274
1363	478
1363	570
1363	620
1363	884
1363	735
1363	739
1363	806
1364	198
1364	557
1364	827
1364	1097
1364	1145
1366	280
1366	439
1366	198
1366	561
1368	346
1368	207
1369	41
1369	282
1369	340
1369	356
1369	380
1369	325
1369	532
1369	555
1369	594
1369	573
1369	494
1369	1101
1369	1137
1369	1316
1371	352
1371	1807
1372	198
1372	1964
1375	36
1375	210
1376	332
1376	896
1378	46
1378	352
1378	218
1378	565
1378	563
1378	926
1378	1111
1378	1255
1380	1300
1381	275
1381	818
1381	981
1381	1141
1382	56
1382	594
1382	1369
1384	158
1384	193
1384	342
1384	439
1384	198
1384	561
1384	1021
1384	1017
1385	198
1386	218
1387	243
1387	447
1387	1059
1389	170
1389	336
1389	453
1389	1075
1390	198
1390	986
1392	951
1394	142
1394	41
1394	340
1394	207
1394	198
1394	1095
1394	1017
1394	1242
1395	356
1395	665
1396	39
1396	207
1396	541
1397	178
1398	1248
1398	1264
1398	1251
1398	1256
1398	1278
1398	1286
1398	1292
1398	1297
1398	1309
1398	1306
1398	1347
1398	1346
1399	320
1399	532
1399	1600
1401	198
1401	1292
1402	626
1403	240
1403	198
1403	1116
1405	334
1405	519
1406	41
1406	356
1407	468
1407	430
1407	198
1407	625
1407	979
1407	1304
1408	340
1408	532
1408	198
1409	391
1409	378
1409	420
1409	519
1409	527
1409	607
1409	565
1409	1009
1409	1177
1409	1233
1410	36
1410	356
1410	294
1410	545
1411	356
1411	1101
1411	1897
1415	210
1415	356
1415	324
1417	216
1417	139
1417	421
1417	553
1417	1086
1417	1085
1417	1219
1417	1221
1417	1217
1417	1229
1417	1234
1417	1243
1417	1236
1417	1244
1417	1246
1418	356
1418	551
1418	1572
1418	1805
1419	269
1421	418
1422	72
1422	215
1422	274
1422	366
1422	478
1422	198
1422	620
1422	986
1422	806
1422	1355
1422	1363
1423	101
1425	221
1425	198
1425	592
1425	812
1425	998
1425	1094
1426	198
1428	269
1428	439
1428	198
1428	1807
1429	198
1429	1810
1429	1142
1432	439
1432	198
1433	269
1433	356
1433	537
1433	198
1433	557
1433	863
1433	494
1433	1021
1435	198
1435	940
1435	1116
1435	784
1437	198
1437	638
1437	784
1437	1429
1439	36
1439	198
1439	625
1440	556
1440	1061
1441	46
1441	218
1441	996
1441	1282
1442	255
1442	198
1442	1116
1442	784
1442	1193
1443	439
1443	198
1444	761
1445	274
1445	632
1447	41
1447	340
1447	198
1447	1144
1447	1236
1448	1371
1449	347
1450	86
1450	515
1450	422
1450	1059
1450	1387
1451	274
1451	637
1451	765
1451	1230
1452	1447
1452	1482
1452	1487
1453	72
1453	521
1453	636
1453	1041
1453	1152
1454	50
1454	178
1454	391
1454	301
1454	855
1454	943
1454	949
1455	63
1455	41
1455	139
1455	203
1455	1086
1455	1234
1456	959
1456	1021
1457	86
1457	158
1457	439
1457	198
1457	1021
1458	557
1458	1067
1458	843
1458	1125
1458	1165
1458	1242
1458	1345
1459	230
1459	275
1459	626
1459	744
1459	981
1461	544
1461	601
1461	556
1461	1279
1463	320
1463	581
1463	1097
1463	1600
1464	274
1465	71
1465	141
1465	623
1465	631
1465	634
1465	662
1466	41
1467	240
1467	439
1467	508
1467	198
1470	402
1470	320
1470	207
1470	394
1470	1097
1470	1600
1471	142
1471	41
1471	139
1471	298
1471	1086
1471	1803
1471	1217
1471	1234
1471	1236
1472	55
1472	158
1472	203
1472	545
1472	658
1472	1099
1474	41
1474	329
1474	356
1474	198
1474	358
1474	1169
1474	1217
1474	1234
1474	1243
1474	1236
1474	1244
1475	46
1475	218
1475	486
1475	812
1475	876
1475	1111
1475	1441
1478	36
1478	198
1478	190
1478	863
1479	230
1479	717
1480	198
1480	557
1480	1125
1480	1137
1480	1248
1480	1401
1481	340
1481	1101
1482	544
1482	1574
1484	36
1484	210
1484	294
1484	198
1484	625
1485	352
1485	372
1485	514
1485	198
1485	564
1485	765
1485	1085
1486	919
1486	986
1486	662
1487	537
1487	198
1487	494
1487	1572
1487	1810
1488	431
1488	198
1488	455
1488	1272
1488	1302
1488	1443
1490	508
1490	190
1491	158
1491	325
1491	198
1491	1572
1492	39
1492	483
1492	926
1492	1217
1493	139
1493	263
1493	1793
1493	1169
1493	1219
1493	1221
1493	1217
1493	1224
1493	1229
1493	1234
1493	1236
1493	1244
1493	1246
1494	1429
1494	1437
1495	508
1495	1600
1496	41
1496	39
1496	356
1496	532
1496	544
1496	601
1497	240
1497	508
1497	198
1497	753
1498	1017
1500	141
1500	274
1500	198
1500	1810
1501	544
1501	1328
1502	122
1502	969
1503	356
1503	545
1504	638
1504	1012
1504	1126
1505	240
1505	544
1505	537
1505	1810
1505	1197
1507	75
1507	351
1507	801
1507	763
1507	1574
1508	41
1508	210
1508	356
1508	557
1508	622
1508	959
1509	16
1509	277
1510	46
1510	218
1510	452
1510	996
1510	1111
1511	77
1511	274
1511	231
1511	475
1511	519
1511	1405
1515	46
1515	115
1515	269
1517	734
1519	28
1519	439
1519	198
1519	561
1519	617
1520	216
1520	139
1521	255
1521	393
1521	468
1521	892
1524	356
1524	1217
1525	431
1525	1351
1526	327
1526	545
1528	831
1528	1000
1528	912
1528	1061
1529	137
1529	221
1529	537
1529	198
1529	494
1532	69
1532	545
1532	969
1533	198
1533	1270
1533	1265
1534	626
1534	744
1535	456
1535	812
1535	625
1535	784
1536	610
1538	72
1538	144
1538	274
1538	521
1538	1098
1538	1363
1538	1405
1539	77
1539	231
1539	519
1539	198
1539	1296
1541	198
1542	469
1542	811
1543	274
1543	198
1544	198
1544	959
1544	1302
1544	1435
1545	181
1545	280
1545	439
1545	431
1545	198
1545	1021
1546	280
1546	439
1546	198
1546	561
1546	959
1546	1021
1546	1302
1546	1305
1547	269
1547	356
1547	198
1547	665
1547	1311
1547	1302
1548	463
1548	519
1548	610
1548	952
1549	274
1549	912
1550	1671
1555	1756
1557	1574
1561	1689
1561	1657
1563	1561
1569	1610
1569	1590
1569	1744
1571	1693
1571	1575
1575	1596
1575	1636
1575	1587
1575	1693
1575	1713
1575	1568
1575	1677
1575	1581
1575	1712
1575	1745
1575	1715
1575	1708
1575	1752
1575	1734
1581	1551
1581	1552
1581	1657
1582	1720
1582	1700
1582	1759
1582	1675
1582	1703
1582	1684
1584	1561
1593	1580
1594	1752
1595	1743
1595	1590
1596	1734
1598	1574
1614	1597
1615	1574
1623	1672
1623	1552
1625	1638
1625	1650
1629	1574
1630	1657
1637	1706
1638	1648
1638	1650
1641	1561
1642	1709
1644	1572
1646	1610
1646	1612
1646	1732
1647	1657
1650	1648
1652	1650
1656	1574
1656	1598
1656	1610
1656	1612
1656	1732
1656	1733
1659	1574
1668	1740
1669	1561
1669	1575
1669	1563
1669	1745
1672	1551
1672	1666
1674	1558
1674	1672
1678	1618
1681	1666
1686	1616
1691	56
1691	1575
1691	1745
1695	1574
1695	1610
1695	1612
1695	1756
1695	1726
1698	1595
1698	1632
1699	1558
1699	1597
1701	1743
1704	190
1704	1606
1710	1671
1710	1585
1714	1610
1714	1612
1714	1672
1714	1552
1714	1666
1718	1717
1726	1610
1726	1612
1726	1743
1731	991
1733	1681
1733	1732
1736	1706
1737	1616
1744	1590
1745	1666
1748	1610
1748	1612
1749	1733
1752	1743
1753	1561
1755	1657
1755	1706
1758	1598
1758	1756
1758	1672
1758	1714
1758	1733
1761	1736
1769	1665
1777	1574
1777	1697
1781	1575
1788	1561
1788	1689
1788	1669
1788	1732
1788	1716
1791	1718
1792	1558
1792	1674
1792	1666
1798	1782
1798	1726
1804	1757
1807	1677
1807	1736
1808	1743
1808	1798
1809	1619
1809	1628
1812	1610
1812	1612
1818	1604
1824	1568
1826	1658
1826	1569
1837	1584
1838	1560
1841	1823
1842	1600
1844	1671
1844	1797
1844	1827
1846	1574
1846	1550
1846	1743
1848	1771
1848	1827
1850	198
1852	1629
1852	1829
1852	1732
1855	1650
1856	1610
1856	1612
1859	1648
1860	1827
1861	1592
1863	1574
1863	1646
1863	1758
1864	1666
1864	1811
1864	1792
1867	1791
1868	1673
1869	1579
1869	1558
1869	1672
1869	1674
1871	1744
1874	1797
1874	1811
1874	1792
1875	1858
1875	1886
1875	1849
1875	1873
1877	1672
1880	1885
1884	1584
1884	1921
1888	1601
1893	1701
1893	1743
1893	1733
1897	274
1899	1797
1899	1666
1899	1811
1902	1827
1902	1733
1903	1680
1904	1558
1904	1674
1904	1792
1906	1714
1907	1558
1907	1597
1907	1792
1909	1702
1910	1573
1912	1629
1912	1642
1914	1601
1914	1694
1917	1627
1918	1610
1920	56
1920	739
1921	1689
1921	1584
1922	1649
1922	1767
1922	1792
1923	1667
1927	1743
1927	1681
1927	1767
1931	1797
1931	1811
1933	1558
1933	1869
1937	1574
1937	1629
1937	1732
1937	1646
1943	1648
1944	1630
1944	1649
1944	1657
1944	1828
1946	1837
1946	1867
1946	1874
1946	1877
1946	1872
1946	1895
1946	1868
1946	1864
1946	1797
1946	1897
1946	1915
1946	1899
1946	1919
1946	1912
1946	1944
1946	1921
1946	1714
1946	1927
1946	1888
1950	1978
1951	1765
1953	1776
1955	1561
1955	1672
1955	1767
1957	1629
1957	1787
1958	488
1958	1743
1958	1666
1959	1714
1960	352
1960	247
1960	270
1960	514
1960	926
1960	1574
1960	1659
1960	1714
1961	1860
1962	1618
1962	1627
1963	1866
1966	1717
1966	1729
1966	1584
1966	1771
1966	1726
1966	1752
1966	1989
1969	1627
1969	1756
1969	1766
1969	1830
1970	1600
1970	1552
1972	488
1973	1732
1973	1852
1973	1646
1973	1885
1973	1819
1974	1867
1974	1666
1977	1709
1979	1574
1979	1610
1979	1656
1979	1612
1979	1919
1980	1650
1980	1652
1980	1866
1981	1717
1982	1795
1986	1558
1986	1674
1986	1681
1986	1767
1986	1869
1987	2283
1988	1744
1993	1584
1993	1860
1993	1846
1996	356
1996	1708
1998	1823
1999	1575
1999	1648
1999	1650
1999	1712
1999	1797
1999	1752
2014	2403
2015	2313
2015	2520
2017	2013
2017	2313
2017	3713
2046	2040
2046	2060
2049	2060
2062	2060
2069	3111
2104	2403
2138	2403
2139	2022
2139	2246
2140	2403
2154	2060
2194	2196
2199	3853
2212	3560
2217	3422
2220	2218
2220	2278
2246	2126
2249	2510
2253	2244
2309	2245
2309	3322
2313	2631
2313	2665
2313	2986
2313	2984
2336	3245
2336	3343
2368	2403
2379	2722
2389	2183
2390	3785
2393	2007
2400	2127
2408	4754
2432	2183
2446	2518
2448	2446
2448	2518
2449	2278
2449	2282
2449	2279
2453	2454
2453	2632
2483	3718
2484	3257
2487	2833
2499	2060
2517	2182
2517	2183
2517	3154
2519	2313
2519	2433
2519	3305
2519	3503
2542	2365
2633	3019
2635	2358
2653	2150
2653	2536
2653	3123
2653	3243
2662	2403
2671	2064
2696	2601
2737	4664
2744	2403
2782	2284
2782	3214
2782	3425
2782	3696
2808	3398
2832	3202
2843	3499
2875	3482
2877	3127
2889	3260
2901	2899
2902	2899
2902	2901
2938	3941
2955	2953
2984	2986
2984	2941
2984	3786
2988	3662
2996	2350
2996	2510
3004	2794
3007	2245
3007	2309
3007	2446
3045	2403
3054	3550
3054	3931
3060	3374
3067	3560
3087	2982
3105	2165
3115	3114
3129	2800
3130	2760
3130	3257
3133	2899
3133	2901
3134	3913
3147	2099
3147	3385
3164	3165
3198	2244
3198	3199
3244	3398
3250	2013
3250	2244
3250	2313
3252	2184
3252	2192
3252	2611
3277	2623
3305	2313
3310	3311
3313	2403
3329	3107
3332	2096
3338	3339
3343	2183
3343	3018
3361	2922
3366	2060
3366	3283
3385	2099
3385	2403
3405	3404
3427	3750
3432	2018
3432	3468
3472	2309
3472	3891
3503	2313
3503	2984
3526	2246
3526	2646
3554	3584
3565	2751
3572	3923
3574	2751
3615	2872
3623	2969
3681	3476
3713	2244
3727	2678
3788	2403
3826	3688
3828	3718
3829	2060
3829	3918
3835	3839
3839	3841
3866	3269
3875	3017
3875	3018
3875	3019
3900	2056
3900	3584
3913	2082
3918	2060
3926	3160
3926	3664
3935	2331
3940	2403
3953	3950
3985	3778
3993	2160
3996	2403
4005	4295
4006	4235
4012	4053
4016	4065
4018	2244
4028	4315
4032	4085
4034	4003
4035	4315
4035	4399
4043	4158
4050	4045
4052	4045
4053	4139
4054	4050
4054	4033
4054	4045
4054	4274
4054	4327
4061	4311
4065	4063
4066	4011
4068	4019
4070	4099
4070	4295
4070	4135
4071	4294
4074	4045
4075	4145
4075	4244
4075	4085
4076	4078
4076	4045
4078	4046
4080	4054
4080	4076
4080	4074
4080	4327
4085	4079
4086	4068
4092	4302
4093	4302
4095	4252
4110	4322
4111	4245
4111	4026
4111	4315
4113	4235
4114	4025
4114	4226
4115	4235
4115	4113
4116	4202
4118	4010
4118	4011
4118	4149
4119	4149
4119	4079
4121	4139
4131	4052
4131	4054
4131	4135
4133	2298
4135	4128
4135	4046
4135	4180
4135	4216
4135	4226
4135	4154
4135	4008
4135	4217
4135	4139
4136	2244
4147	4050
4147	4052
4147	4045
4147	4327
4151	4099
4151	4085
4151	4320
4160	4240
4161	4003
4161	4034
4162	4143
4164	4041
4165	4071
4165	4022
4165	4294
4165	4330
4165	4315
4167	4022
4167	4315
4168	4170
4169	4026
4169	4315
4170	4079
4175	2244
4175	2795
4175	4072
4175	4177
4177	2244
4181	4166
4185	4072
4188	2244
4188	4270
4188	4166
4190	4022
4197	4235
4210	4108
4212	4139
4215	4166
4219	2414
4230	4085
4231	4235
4235	4046
4238	4234
4240	4238
4244	4079
4245	4312
4245	4315
4250	4079
4250	4244
4250	4085
4255	4022
4265	4028
4267	4028
4267	4265
4268	4289
4270	4166
4279	4078
4279	4128
4282	2244
4283	4209
4284	2244
4284	4282
4286	4170
4292	3367
4294	4022
4295	4099
4295	4046
4303	4302
4306	4338
4309	4139
4315	4294
4315	4026
4315	4288
4326	4028
4326	4315
4330	4315
4331	4048
4331	4295
4332	4022
4339	4282
4343	4121
4343	4139
4345	4245
4348	4003
4348	4034
4348	4161
4389	4171
4408	4060
4520	5244
4527	4523
4552	4717
4552	4675
4552	4677
4552	4958
4553	5254
4556	5254
4556	5549
4557	4680
4559	4680
4559	4678
4559	4557
4572	4878
4573	4542
4588	5254
4605	4607
4610	2419
4625	4554
4629	4525
4653	4878
4653	5549
4659	5475
4677	4594
4678	4568
4680	4568
4682	3598
4682	3891
4685	5254
4691	5254
4696	5500
4709	5254
4721	4717
4735	4918
4750	4748
4754	2403
4761	5984
4774	5286
4796	5983
4796	5267
4796	5286
4796	5475
4799	4847
4818	4819
4819	4560
4832	4587
4840	5254
4841	736
4849	4703
4866	5244
4882	5254
4885	658
4893	5254
4899	5254
4907	4565
4912	5475
4913	5466
4913	5532
4921	4766
4923	4655
4929	4898
4935	4523
4935	4768
4935	4840
4935	4903
4936	4111
4936	4026
4936	4315
4938	2403
4939	4933
4947	4849
4951	3849
4952	4596
4952	5254
4956	4596
4956	5254
4958	4675
4964	3021
4964	3019
4964	3255
4966	4879
4966	5239
4972	4861
4972	5305
4974	4623
4981	4947
4985	4984
4986	5234
4988	4675
4988	4677
4988	4958
4997	4747
5005	4733
5007	4554
5024	1657
5025	4659
5025	4953
5042	4799
5042	4802
5048	2060
5051	4951
5055	4929
5055	4898
5062	5007
5062	4961
5062	4988
5071	3849
5071	4951
5072	2282
5073	2062
5085	5002
5088	4733
5090	4675
5090	4961
5101	2060
5103	4745
5103	4889
5103	4985
5103	4963
5103	4984
5103	5027
5104	4835
5122	4556
5122	4897
5122	4909
5127	4518
5129	5013
5133	5052
5136	5029
5142	4742
5149	5859
5156	4984
5159	2016
5162	2323
5162	3628
5182	5113
5182	5126
5183	5101
5187	5107
5189	5078
5197	5036
5200	4676
5200	4933
5209	4933
5211	4933
5212	4085
5218	5013
5222	4733
5222	5088
5222	4905
5224	4984
5229	3844
5229	4296
5233	5013
5236	4984
5236	5224
5237	4902
5243	3891
5243	4964
5250	4751
5250	4848
5251	4034
5261	4933
5270	4655
5270	4923
5289	5140
5295	4933
5295	5064
5295	5040
5295	5108
5295	5065
5295	5095
5295	5124
5295	5122
5295	5299
5305	4861
5324	4933
5324	5055
5324	5270
5330	78
5344	4785
5367	4929
5368	4689
5368	5080
5371	4933
5398	4933
5398	5270
5398	5324
5398	5405
5398	5446
5399	5895
5405	4933
5405	5270
5406	4990
5408	5368
5410	2060
5410	4521
5410	5048
5415	4523
5415	4605
5415	4642
5415	4763
5415	4739
5416	5415
5419	2403
5419	3909
5421	5136
5426	5256
5426	5181
5426	5163
5428	4981
5428	5075
5428	5108
5429	5354
5429	5384
5435	2403
5439	5170
5441	4995
5441	4933
5446	5270
5446	5405
5601	4675
5601	4677
5601	4572
5601	4878
5605	5613
5608	2152
5609	5069
5615	475
5617	5631
5618	5077
5619	3692
5622	2060
5624	5000
5624	5049
5626	5807
5627	4675
5627	4961
5628	5604
5630	1693
5634	4703
5634	5048
5636	5078
5643	2279
5649	5604
5649	5169
5651	5013
5651	5218
5667	1644
5668	5984
5674	4857
5678	4953
5681	5000
5681	5049
5681	5624
5686	2035
5686	5284
5691	3997
5691	5205
5696	5696
5697	5140
5706	1766
5706	1830
5709	4682
5711	2060
5711	4521
5711	5048
5711	5159
5715	5069
5715	5609
5715	5203
5717	5030
5717	5209
5724	4951
5724	5123
5728	5148
5730	5853
5741	5616
5744	5399
5746	5885
5747	4869
5749	4936
5749	5417
5755	5325
5764	5286
5766	5940
5768	4890
5768	5057
5768	5042
5768	4800
5768	5403
5768	5411
5768	5613
5768	5717
5768	5218
5768	5225
5770	5069
5776	5208
5779	3840
5779	5205
5784	5751
5790	5838
5790	5801
5790	5857
5790	5814
5791	5840
5791	5831
5794	5848
5794	5814
5796	5845
5796	5833
5797	5833
5797	3671
5803	5836
5803	5817
5803	5814
5803	5846
5811	5830
5811	5814
5812	5801
5821	5566
5825	2282
5825	2279
5825	269
5830	5814
5831	5871
5842	5859
5843	5856
5846	5817
5846	5803
5847	5816
5851	5816
5856	5828
5862	5801
5863	5840
5863	5831
5863	5871
5864	5826
5865	5845
5865	5837
5870	3079
5871	5831
5872	5868
5874	5797
5875	5840
5876	2764
5877	5863
5878	5831
5878	5871
5883	5817
5883	5814
5887	5816
5887	5851
5888	5844
5889	5807
5890	5813
5892	5804
5893	5805
5896	5848
5896	5853
5898	5891
5901	5807
5901	5889
5901	5881
5904	5920
5908	5834
5908	5853
5908	5921
5909	5838
5912	5864
5912	5879
5913	5884
5914	5880
5915	5811
5915	5814
5919	5833
5919	5915
5920	5810
5921	5853
5922	5795
5925	5884
5927	5853
5928	5890
5956	5919
5957	5853
5958	5921
5958	5939
5959	5924
5962	5895
5971	5853
5971	5921
5971	5939
5973	5946
5974	5858
5974	5207
5977	5935
5977	5933
5978	5902
5978	5919
5978	5942
5978	5952
5981	5883
5981	5919
5983	5286
5986	5987
5993	5540
5993	5466
5999	5994
0	0
1	1
2	2
3	3
4	4
5	5
6	6
7	7
8	8
9	9
10	10
11	11
12	12
13	13
14	14
15	15
16	16
17	17
18	18
19	19
20	20
21	21
22	22
23	23
24	24
25	25
26	26
27	27
28	28
29	29
30	30
31	31
32	32
33	33
34	34
35	35
36	36
37	37
38	38
39	39
40	40
41	41
42	42
43	43
44	44
45	45
46	46
47	47
48	48
49	49
50	50
51	51
52	52
53	53
54	54
55	55
56	56
57	57
58	58
59	59
60	60
61	61
62	62
63	63
64	64
65	65
66	66
67	67
68	68
69	69
70	70
71	71
72	72
73	73
74	74
75	75
76	76
77	77
78	78
79	79
80	80
81	81
82	82
83	83
84	84
85	85
86	86
87	87
88	88
89	89
90	90
91	91
92	92
93	93
94	94
95	95
96	96
97	97
98	98
99	99
100	100
101	101
102	102
103	103
104	104
105	105
106	106
107	107
108	108
109	109
110	110
111	111
112	112
113	113
114	114
115	115
116	116
117	117
118	118
119	119
120	120
121	121
122	122
123	123
124	124
125	125
126	126
127	127
128	128
129	129
130	130
131	131
132	132
133	133
134	134
135	135
136	136
137	137
138	138
139	139
140	140
141	141
142	142
143	143
144	144
145	145
146	146
147	147
148	148
149	149
150	150
151	151
152	152
153	153
154	154
155	155
156	156
157	157
158	158
159	159
160	160
161	161
162	162
163	163
164	164
165	165
166	166
167	167
168	168
169	169
170	170
171	171
172	172
173	173
174	174
175	175
176	176
177	177
178	178
179	179
180	180
181	181
182	182
183	183
184	184
185	185
186	186
187	187
188	188
189	189
190	190
191	191
192	192
193	193
194	194
195	195
196	196
197	197
198	198
199	199
200	200
201	201
202	202
203	203
204	204
205	205
206	206
207	207
208	208
209	209
210	210
211	211
212	212
213	213
214	214
215	215
216	216
217	217
218	218
219	219
220	220
221	221
222	222
223	223
224	224
225	225
226	226
227	227
228	228
229	229
230	230
231	231
232	232
233	233
234	234
235	235
236	236
237	237
238	238
239	239
240	240
241	241
242	242
243	243
244	244
245	245
246	246
247	247
248	248
249	249
250	250
251	251
252	252
253	253
254	254
255	255
256	256
257	257
258	258
259	259
260	260
261	261
262	262
263	263
264	264
265	265
266	266
267	267
268	268
269	269
270	270
271	271
272	272
273	273
274	274
275	275
276	276
277	277
278	278
279	279
280	280
281	281
282	282
283	283
284	284
285	285
286	286
287	287
288	288
289	289
290	290
291	291
292	292
293	293
294	294
295	295
296	296
297	297
298	298
299	299
300	300
301	301
302	302
303	303
304	304
305	305
306	306
307	307
308	308
309	309
310	310
311	311
312	312
313	313
314	314
315	315
316	316
317	317
318	318
319	319
320	320
321	321
322	322
323	323
324	324
325	325
326	326
327	327
328	328
329	329
330	330
331	331
332	332
333	333
334	334
335	335
336	336
337	337
338	338
339	339
340	340
341	341
342	342
343	343
344	344
345	345
346	346
347	347
348	348
349	349
350	350
351	351
352	352
353	353
354	354
355	355
356	356
357	357
358	358
359	359
360	360
361	361
362	362
363	363
364	364
365	365
366	366
367	367
368	368
369	369
370	370
371	371
372	372
373	373
374	374
375	375
376	376
377	377
378	378
379	379
380	380
381	381
382	382
383	383
384	384
385	385
386	386
387	387
388	388
389	389
390	390
391	391
392	392
393	393
394	394
395	395
396	396
397	397
398	398
399	399
400	400
401	401
402	402
403	403
404	404
405	405
406	406
407	407
408	408
409	409
410	410
411	411
412	412
413	413
414	414
415	415
416	416
417	417
418	418
419	419
420	420
421	421
422	422
423	423
424	424
425	425
426	426
427	427
428	428
429	429
430	430
431	431
432	432
433	433
434	434
435	435
436	436
437	437
438	438
439	439
440	440
441	441
442	442
443	443
444	444
445	445
446	446
447	447
448	448
449	449
450	450
451	451
452	452
453	453
454	454
455	455
456	456
457	457
458	458
459	459
460	460
461	461
462	462
463	463
464	464
465	465
466	466
467	467
468	468
469	469
470	470
471	471
472	472
473	473
474	474
475	475
476	476
477	477
478	478
479	479
480	480
481	481
482	482
483	483
484	484
485	485
486	486
487	487
488	488
489	489
490	490
491	491
492	492
493	493
494	494
495	495
496	496
497	497
498	498
499	499
500	500
501	501
502	502
503	503
504	504
505	505
506	506
507	507
508	508
509	509
510	510
511	511
512	512
513	513
514	514
515	515
516	516
517	517
518	518
519	519
520	520
521	521
522	522
523	523
524	524
525	525
526	526
527	527
528	528
529	529
530	530
531	531
532	532
533	533
534	534
535	535
536	536
537	537
538	538
539	539
540	540
541	541
542	542
543	543
544	544
545	545
546	546
547	547
548	548
549	549
550	550
551	551
552	552
553	553
554	554
555	555
556	556
557	557
558	558
559	559
560	560
561	561
562	562
563	563
564	564
565	565
566	566
567	567
568	568
569	569
570	570
571	571
572	572
573	573
574	574
575	575
576	576
577	577
578	578
579	579
580	580
581	581
582	582
583	583
584	584
585	585
586	586
587	587
588	588
589	589
590	590
591	591
592	592
593	593
594	594
595	595
596	596
597	597
598	598
599	599
600	600
601	601
602	602
603	603
604	604
605	605
606	606
607	607
608	608
609	609
610	610
611	611
612	612
613	613
614	614
615	615
616	616
617	617
618	618
619	619
620	620
621	621
622	622
623	623
624	624
625	625
626	626
627	627
628	628
629	629
630	630
631	631
632	632
633	633
634	634
635	635
636	636
637	637
638	638
639	639
640	640
641	641
642	642
643	643
644	644
645	645
646	646
647	647
648	648
649	649
650	650
651	651
652	652
653	653
654	654
655	655
656	656
657	657
658	658
659	659
660	660
661	661
662	662
663	663
664	664
665	665
666	666
667	667
668	668
669	669
670	670
671	671
672	672
673	673
674	674
675	675
676	676
677	677
678	678
679	679
680	680
681	681
682	682
683	683
684	684
685	685
686	686
687	687
688	688
689	689
690	690
691	691
692	692
693	693
694	694
695	695
696	696
697	697
698	698
699	699
700	700
701	701
702	702
703	703
704	704
705	705
706	706
707	707
708	708
709	709
710	710
711	711
712	712
713	713
714	714
715	715
716	716
717	717
718	718
719	719
720	720
721	721
722	722
723	723
724	724
725	725
726	726
727	727
728	728
729	729
730	730
731	731
732	732
733	733
734	734
735	735
736	736
737	737
738	738
739	739
740	740
741	741
742	742
743	743
744	744
745	745
746	746
747	747
748	748
749	749
750	750
751	751
752	752
753	753
754	754
755	755
756	756
757	757
758	758
759	759
760	760
761	761
762	762
763	763
764	764
765	765
766	766
767	767
768	768
769	769
770	770
771	771
772	772
773	773
774	774
775	775
776	776
777	777
778	778
779	779
780	780
781	781
782	782
783	783
784	784
785	785
786	786
787	787
788	788
789	789
790	790
791	791
792	792
793	793
794	794
795	795
796	796
797	797
798	798
799	799
800	800
801	801
802	802
803	803
804	804
805	805
806	806
807	807
808	808
809	809
810	810
811	811
812	812
813	813
814	814
815	815
816	816
817	817
818	818
819	819
820	820
821	821
822	822
823	823
824	824
825	825
826	826
827	827
828	828
829	829
830	830
831	831
832	832
833	833
834	834
835	835
836	836
837	837
838	838
839	839
840	840
841	841
842	842
843	843
844	844
845	845
846	846
847	847
848	848
849	849
850	850
851	851
852	852
853	853
854	854
855	855
856	856
857	857
858	858
859	859
860	860
861	861
862	862
863	863
864	864
865	865
866	866
867	867
868	868
869	869
870	870
871	871
872	872
873	873
874	874
875	875
876	876
877	877
878	878
879	879
880	880
881	881
882	882
883	883
884	884
885	885
886	886
887	887
888	888
889	889
890	890
891	891
892	892
893	893
894	894
895	895
896	896
897	897
898	898
899	899
900	900
901	901
902	902
903	903
904	904
905	905
906	906
907	907
908	908
909	909
910	910
911	911
912	912
913	913
914	914
915	915
916	916
917	917
918	918
919	919
920	920
921	921
922	922
923	923
924	924
925	925
926	926
927	927
928	928
929	929
930	930
931	931
932	932
933	933
934	934
935	935
936	936
937	937
938	938
939	939
940	940
941	941
942	942
943	943
944	944
945	945
946	946
947	947
948	948
949	949
950	950
951	951
952	952
953	953
954	954
955	955
956	956
957	957
958	958
959	959
960	960
961	961
962	962
963	963
964	964
965	965
966	966
967	967
968	968
969	969
970	970
971	971
972	972
973	973
974	974
975	975
976	976
977	977
978	978
979	979
980	980
981	981
982	982
983	983
984	984
985	985
986	986
987	987
988	988
989	989
990	990
991	991
992	992
993	993
994	994
995	995
996	996
997	997
998	998
999	999
1000	1000
1001	1001
1002	1002
1003	1003
1004	1004
1005	1005
1006	1006
1007	1007
1008	1008
1009	1009
1010	1010
1011	1011
1012	1012
1013	1013
1014	1014
1015	1015
1016	1016
1017	1017
1018	1018
1019	1019
1020	1020
1021	1021
1022	1022
1023	1023
1024	1024
1025	1025
1026	1026
1027	1027
1028	1028
1029	1029
1030	1030
1031	1031
1032	1032
1033	1033
1034	1034
1035	1035
1036	1036
1037	1037
1038	1038
1039	1039
1040	1040
1041	1041
1042	1042
1043	1043
1044	1044
1045	1045
1046	1046
1047	1047
1048	1048
1049	1049
1050	1050
1051	1051
1052	1052
1053	1053
1054	1054
1055	1055
1056	1056
1057	1057
1058	1058
1059	1059
1060	1060
1061	1061
1062	1062
1063	1063
1064	1064
1065	1065
1066	1066
1067	1067
1068	1068
1069	1069
1070	1070
1071	1071
1072	1072
1073	1073
1074	1074
1075	1075
1076	1076
1077	1077
1078	1078
1079	1079
1080	1080
1081	1081
1082	1082
1083	1083
1084	1084
1085	1085
1086	1086
1087	1087
1088	1088
1089	1089
1090	1090
1091	1091
1092	1092
1093	1093
1094	1094
1095	1095
1096	1096
1097	1097
1098	1098
1099	1099
1100	1100
1101	1101
1102	1102
1103	1103
1104	1104
1105	1105
1106	1106
1107	1107
1108	1108
1109	1109
1110	1110
1111	1111
1112	1112
1113	1113
1114	1114
1115	1115
1116	1116
1117	1117
1118	1118
1119	1119
1120	1120
1121	1121
1122	1122
1123	1123
1124	1124
1125	1125
1126	1126
1127	1127
1128	1128
1129	1129
1130	1130
1131	1131
1132	1132
1133	1133
1134	1134
1135	1135
1136	1136
1137	1137
1138	1138
1139	1139
1140	1140
1141	1141
1142	1142
1143	1143
1144	1144
1145	1145
1146	1146
1147	1147
1148	1148
1149	1149
1150	1150
1151	1151
1152	1152
1153	1153
1154	1154
1155	1155
1156	1156
1157	1157
1158	1158
1159	1159
1160	1160
1161	1161
1162	1162
1163	1163
1164	1164
1165	1165
1166	1166
1167	1167
1168	1168
1169	1169
1170	1170
1171	1171
1172	1172
1173	1173
1174	1174
1175	1175
1176	1176
1177	1177
1178	1178
1179	1179
1180	1180
1181	1181
1182	1182
1183	1183
1184	1184
1185	1185
1186	1186
1187	1187
1188	1188
1189	1189
1190	1190
1191	1191
1192	1192
1193	1193
1194	1194
1195	1195
1196	1196
1197	1197
1198	1198
1199	1199
1200	1200
1201	1201
1202	1202
1203	1203
1204	1204
1205	1205
1206	1206
1207	1207
1208	1208
1209	1209
1210	1210
1211	1211
1212	1212
1213	1213
1214	1214
1215	1215
1216	1216
1217	1217
1218	1218
1219	1219
1220	1220
1221	1221
1222	1222
1223	1223
1224	1224
1225	1225
1226	1226
1227	1227
1228	1228
1229	1229
1230	1230
1231	1231
1232	1232
1233	1233
1234	1234
1235	1235
1236	1236
1237	1237
1238	1238
1239	1239
1240	1240
1241	1241
1242	1242
1243	1243
1244	1244
1245	1245
1246	1246
1247	1247
1248	1248
1249	1249
1250	1250
1251	1251
1252	1252
1253	1253
1254	1254
1255	1255
1256	1256
1257	1257
1258	1258
1259	1259
1260	1260
1261	1261
1262	1262
1263	1263
1264	1264
1265	1265
1266	1266
1267	1267
1268	1268
1269	1269
1270	1270
1271	1271
1272	1272
1273	1273
1274	1274
1275	1275
1276	1276
1277	1277
1278	1278
1279	1279
1280	1280
1281	1281
1282	1282
1283	1283
1284	1284
1285	1285
1286	1286
1287	1287
1288	1288
1289	1289
1290	1290
1291	1291
1292	1292
1293	1293
1294	1294
1295	1295
1296	1296
1297	1297
1298	1298
1299	1299
1300	1300
1301	1301
1302	1302
1303	1303
1304	1304
1305	1305
1306	1306
1307	1307
1308	1308
1309	1309
1310	1310
1311	1311
1312	1312
1313	1313
1314	1314
1315	1315
1316	1316
1317	1317
1318	1318
1319	1319
1320	1320
1321	1321
1322	1322
1323	1323
1324	1324
1325	1325
1326	1326
1327	1327
1328	1328
1329	1329
1330	1330
1331	1331
1332	1332
1333	1333
1334	1334
1335	1335
1336	1336
1337	1337
1338	1338
1339	1339
1340	1340
1341	1341
1342	1342
1343	1343
1344	1344
1345	1345
1346	1346
1347	1347
1348	1348
1349	1349
1350	1350
1351	1351
1352	1352
1353	1353
1354	1354
1355	1355
1356	1356
1357	1357
1358	1358
1359	1359
1360	1360
1361	1361
1362	1362
1363	1363
1364	1364
1365	1365
1366	1366
1367	1367
1368	1368
1369	1369
1370	1370
1371	1371
1372	1372
1373	1373
1374	1374
1375	1375
1376	1376
1377	1377
1378	1378
1379	1379
1380	1380
1381	1381
1382	1382
1383	1383
1384	1384
1385	1385
1386	1386
1387	1387
1388	1388
1389	1389
1390	1390
1391	1391
1392	1392
1393	1393
1394	1394
1395	1395
1396	1396
1397	1397
1398	1398
1399	1399
1400	1400
1401	1401
1402	1402
1403	1403
1404	1404
1405	1405
1406	1406
1407	1407
1408	1408
1409	1409
1410	1410
1411	1411
1412	1412
1413	1413
1414	1414
1415	1415
1416	1416
1417	1417
1418	1418
1419	1419
1420	1420
1421	1421
1422	1422
1423	1423
1424	1424
1425	1425
1426	1426
1427	1427
1428	1428
1429	1429
1430	1430
1431	1431
1432	1432
1433	1433
1434	1434
1435	1435
1436	1436
1437	1437
1438	1438
1439	1439
1440	1440
1441	1441
1442	1442
1443	1443
1444	1444
1445	1445
1446	1446
1447	1447
1448	1448
1449	1449
1450	1450
1451	1451
1452	1452
1453	1453
1454	1454
1455	1455
1456	1456
1457	1457
1458	1458
1459	1459
1460	1460
1461	1461
1462	1462
1463	1463
1464	1464
1465	1465
1466	1466
1467	1467
1468	1468
1469	1469
1470	1470
1471	1471
1472	1472
1473	1473
1474	1474
1475	1475
1476	1476
1477	1477
1478	1478
1479	1479
1480	1480
1481	1481
1482	1482
1483	1483
1484	1484
1485	1485
1486	1486
1487	1487
1488	1488
1489	1489
1490	1490
1491	1491
1492	1492
1493	1493
1494	1494
1495	1495
1496	1496
1497	1497
1498	1498
1499	1499
1500	1500
1501	1501
1502	1502
1503	1503
1504	1504
1505	1505
1506	1506
1507	1507
1508	1508
1509	1509
1510	1510
1511	1511
1512	1512
1513	1513
1514	1514
1515	1515
1516	1516
1517	1517
1518	1518
1519	1519
1520	1520
1521	1521
1522	1522
1523	1523
1524	1524
1525	1525
1526	1526
1527	1527
1528	1528
1529	1529
1530	1530
1531	1531
1532	1532
1533	1533
1534	1534
1535	1535
1536	1536
1537	1537
1538	1538
1539	1539
1540	1540
1541	1541
1542	1542
1543	1543
1544	1544
1545	1545
1546	1546
1547	1547
1548	1548
1549	1549
1550	1550
1551	1551
1552	1552
1553	1553
1554	1554
1555	1555
1556	1556
1557	1557
1558	1558
1559	1559
1560	1560
1561	1561
1562	1562
1563	1563
1564	1564
1565	1565
1566	1566
1567	1567
1568	1568
1569	1569
1570	1570
1571	1571
1572	1572
1573	1573
1574	1574
1575	1575
1576	1576
1577	1577
1578	1578
1579	1579
1580	1580
1581	1581
1582	1582
1583	1583
1584	1584
1585	1585
1586	1586
1587	1587
1588	1588
1589	1589
1590	1590
1591	1591
1592	1592
1593	1593
1594	1594
1595	1595
1596	1596
1597	1597
1598	1598
1599	1599
1600	1600
1601	1601
1602	1602
1603	1603
1604	1604
1605	1605
1606	1606
1607	1607
1608	1608
1609	1609
1610	1610
1611	1611
1612	1612
1613	1613
1614	1614
1615	1615
1616	1616
1617	1617
1618	1618
1619	1619
1620	1620
1621	1621
1622	1622
1623	1623
1624	1624
1625	1625
1626	1626
1627	1627
1628	1628
1629	1629
1630	1630
1631	1631
1632	1632
1633	1633
1634	1634
1635	1635
1636	1636
1637	1637
1638	1638
1639	1639
1640	1640
1641	1641
1642	1642
1643	1643
1644	1644
1645	1645
1646	1646
1647	1647
1648	1648
1649	1649
1650	1650
1651	1651
1652	1652
1653	1653
1654	1654
1655	1655
1656	1656
1657	1657
1658	1658
1659	1659
1660	1660
1661	1661
1662	1662
1663	1663
1664	1664
1665	1665
1666	1666
1667	1667
1668	1668
1669	1669
1670	1670
1671	1671
1672	1672
1673	1673
1674	1674
1675	1675
1676	1676
1677	1677
1678	1678
1679	1679
1680	1680
1681	1681
1682	1682
1683	1683
1684	1684
1685	1685
1686	1686
1687	1687
1688	1688
1689	1689
1690	1690
1691	1691
1692	1692
1693	1693
1694	1694
1695	1695
1696	1696
1697	1697
1698	1698
1699	1699
1700	1700
1701	1701
1702	1702
1703	1703
1704	1704
1705	1705
1706	1706
1707	1707
1708	1708
1709	1709
1710	1710
1711	1711
1712	1712
1713	1713
1714	1714
1715	1715
1716	1716
1717	1717
1718	1718
1719	1719
1720	1720
1721	1721
1722	1722
1723	1723
1724	1724
1725	1725
1726	1726
1727	1727
1728	1728
1729	1729
1730	1730
1731	1731
1732	1732
1733	1733
1734	1734
1735	1735
1736	1736
1737	1737
1738	1738
1739	1739
1740	1740
1741	1741
1742	1742
1743	1743
1744	1744
1745	1745
1746	1746
1747	1747
1748	1748
1749	1749
1750	1750
1751	1751
1752	1752
1753	1753
1754	1754
1755	1755
1756	1756
1757	1757
1758	1758
1759	1759
1760	1760
1761	1761
1762	1762
1763	1763
1764	1764
1765	1765
1766	1766
1767	1767
1768	1768
1769	1769
1770	1770
1771	1771
1772	1772
1773	1773
1774	1774
1775	1775
1776	1776
1777	1777
1778	1778
1779	1779
1780	1780
1781	1781
1782	1782
1783	1783
1784	1784
1785	1785
1786	1786
1787	1787
1788	1788
1789	1789
1790	1790
1791	1791
1792	1792
1793	1793
1794	1794
1795	1795
1796	1796
1797	1797
1798	1798
1799	1799
1800	1800
1801	1801
1802	1802
1803	1803
1804	1804
1805	1805
1806	1806
1807	1807
1808	1808
1809	1809
1810	1810
1811	1811
1812	1812
1813	1813
1814	1814
1815	1815
1816	1816
1817	1817
1818	1818
1819	1819
1820	1820
1821	1821
1822	1822
1823	1823
1824	1824
1825	1825
1826	1826
1827	1827
1828	1828
1829	1829
1830	1830
1831	1831
1832	1832
1833	1833
1834	1834
1835	1835
1836	1836
1837	1837
1838	1838
1839	1839
1840	1840
1841	1841
1842	1842
1843	1843
1844	1844
1845	1845
1846	1846
1847	1847
1848	1848
1849	1849
1850	1850
1851	1851
1852	1852
1853	1853
1854	1854
1855	1855
1856	1856
1857	1857
1858	1858
1859	1859
1860	1860
1861	1861
1862	1862
1863	1863
1864	1864
1865	1865
1866	1866
1867	1867
1868	1868
1869	1869
1870	1870
1871	1871
1872	1872
1873	1873
1874	1874
1875	1875
1876	1876
1877	1877
1878	1878
1879	1879
1880	1880
1881	1881
1882	1882
1883	1883
1884	1884
1885	1885
1886	1886
1887	1887
1888	1888
1889	1889
1890	1890
1891	1891
1892	1892
1893	1893
1894	1894
1895	1895
1896	1896
1897	1897
1898	1898
1899	1899
1900	1900
1901	1901
1902	1902
1903	1903
1904	1904
1905	1905
1906	1906
1907	1907
1908	1908
1909	1909
1910	1910
1911	1911
1912	1912
1913	1913
1914	1914
1915	1915
1916	1916
1917	1917
1918	1918
1919	1919
1920	1920
1921	1921
1922	1922
1923	1923
1924	1924
1925	1925
1926	1926
1927	1927
1928	1928
1929	1929
1930	1930
1931	1931
1932	1932
1933	1933
1934	1934
1935	1935
1936	1936
1937	1937
1938	1938
1939	1939
1940	1940
1941	1941
1942	1942
1943	1943
1944	1944
1945	1945
1946	1946
1947	1947
1948	1948
1949	1949
1950	1950
1951	1951
1952	1952
1953	1953
1954	1954
1955	1955
1956	1956
1957	1957
1958	1958
1959	1959
1960	1960
1961	1961
1962	1962
1963	1963
1964	1964
1965	1965
1966	1966
1967	1967
1968	1968
1969	1969
1970	1970
1971	1971
1972	1972
1973	1973
1974	1974
1975	1975
1976	1976
1977	1977
1978	1978
1979	1979
1980	1980
1981	1981
1982	1982
1983	1983
1984	1984
1985	1985
1986	1986
1987	1987
1988	1988
1989	1989
1990	1990
1991	1991
1992	1992
1993	1993
1994	1994
1995	1995
1996	1996
1997	1997
1998	1998
1999	1999
2000	2000
2001	2001
2002	2002
2003	2003
2004	2004
2005	2005
2006	2006
2007	2007
2008	2008
2009	2009
2010	2010
2011	2011
2012	2012
2013	2013
2014	2014
2015	2015
2016	2016
2017	2017
2018	2018
2019	2019
2020	2020
2021	2021
2022	2022
2023	2023
2024	2024
2025	2025
2026	2026
2027	2027
2028	2028
2029	2029
2030	2030
2031	2031
2032	2032
2033	2033
2034	2034
2035	2035
2036	2036
2037	2037
2038	2038
2039	2039
2040	2040
2041	2041
2042	2042
2043	2043
2044	2044
2045	2045
2046	2046
2047	2047
2048	2048
2049	2049
2050	2050
2051	2051
2052	2052
2053	2053
2054	2054
2055	2055
2056	2056
2057	2057
2058	2058
2059	2059
2060	2060
2061	2061
2062	2062
2063	2063
2064	2064
2065	2065
2066	2066
2067	2067
2068	2068
2069	2069
2070	2070
2071	2071
2072	2072
2073	2073
2074	2074
2075	2075
2076	2076
2077	2077
2078	2078
2079	2079
2080	2080
2081	2081
2082	2082
2083	2083
2084	2084
2085	2085
2086	2086
2087	2087
2088	2088
2089	2089
2090	2090
2091	2091
2092	2092
2093	2093
2094	2094
2095	2095
2096	2096
2097	2097
2098	2098
2099	2099
2100	2100
2101	2101
2102	2102
2103	2103
2104	2104
2105	2105
2106	2106
2107	2107
2108	2108
2109	2109
2110	2110
2111	2111
2112	2112
2113	2113
2114	2114
2115	2115
2116	2116
2117	2117
2118	2118
2119	2119
2120	2120
2121	2121
2122	2122
2123	2123
2124	2124
2125	2125
2126	2126
2127	2127
2128	2128
2129	2129
2130	2130
2131	2131
2132	2132
2133	2133
2134	2134
2135	2135
2136	2136
2137	2137
2138	2138
2139	2139
2140	2140
2141	2141
2142	2142
2143	2143
2144	2144
2145	2145
2146	2146
2147	2147
2148	2148
2149	2149
2150	2150
2151	2151
2152	2152
2153	2153
2154	2154
2155	2155
2156	2156
2157	2157
2158	2158
2159	2159
2160	2160
2161	2161
2162	2162
2163	2163
2164	2164
2165	2165
2166	2166
2167	2167
2168	2168
2169	2169
2170	2170
2171	2171
2172	2172
2173	2173
2174	2174
2175	2175
2176	2176
2177	2177
2178	2178
2179	2179
2180	2180
2181	2181
2182	2182
2183	2183
2184	2184
2185	2185
2186	2186
2187	2187
2188	2188
2189	2189
2190	2190
2191	2191
2192	2192
2193	2193
2194	2194
2195	2195
2196	2196
2197	2197
2198	2198
2199	2199
2200	2200
2201	2201
2202	2202
2203	2203
2204	2204
2205	2205
2206	2206
2207	2207
2208	2208
2209	2209
2210	2210
2211	2211
2212	2212
2213	2213
2214	2214
2215	2215
2216	2216
2217	2217
2218	2218
2219	2219
2220	2220
2221	2221
2222	2222
2223	2223
2224	2224
2225	2225
2226	2226
2227	2227
2228	2228
2229	2229
2230	2230
2231	2231
2232	2232
2233	2233
2234	2234
2235	2235
2236	2236
2237	2237
2238	2238
2239	2239
2240	2240
2241	2241
2242	2242
2243	2243
2244	2244
2245	2245
2246	2246
2247	2247
2248	2248
2249	2249
2250	2250
2251	2251
2252	2252
2253	2253
2254	2254
2255	2255
2256	2256
2257	2257
2258	2258
2259	2259
2260	2260
2261	2261
2262	2262
2263	2263
2264	2264
2265	2265
2266	2266
2267	2267
2268	2268
2269	2269
2270	2270
2271	2271
2272	2272
2273	2273
2274	2274
2275	2275
2276	2276
2277	2277
2278	2278
2279	2279
2280	2280
2281	2281
2282	2282
2283	2283
2284	2284
2285	2285
2286	2286
2287	2287
2288	2288
2289	2289
2290	2290
2291	2291
2292	2292
2293	2293
2294	2294
2295	2295
2296	2296
2297	2297
2298	2298
2299	2299
2300	2300
2301	2301
2302	2302
2303	2303
2304	2304
2305	2305
2306	2306
2307	2307
2308	2308
2309	2309
2310	2310
2311	2311
2312	2312
2313	2313
2314	2314
2315	2315
2316	2316
2317	2317
2318	2318
2319	2319
2320	2320
2321	2321
2322	2322
2323	2323
2324	2324
2325	2325
2326	2326
2327	2327
2328	2328
2329	2329
2330	2330
2331	2331
2332	2332
2333	2333
2334	2334
2335	2335
2336	2336
2337	2337
2338	2338
2339	2339
2340	2340
2341	2341
2342	2342
2343	2343
2344	2344
2345	2345
2346	2346
2347	2347
2348	2348
2349	2349
2350	2350
2351	2351
2352	2352
2353	2353
2354	2354
2355	2355
2356	2356
2357	2357
2358	2358
2359	2359
2360	2360
2361	2361
2362	2362
2363	2363
2364	2364
2365	2365
2366	2366
2367	2367
2368	2368
2369	2369
2370	2370
2371	2371
2372	2372
2373	2373
2374	2374
2375	2375
2376	2376
2377	2377
2378	2378
2379	2379
2380	2380
2381	2381
2382	2382
2383	2383
2384	2384
2385	2385
2386	2386
2387	2387
2388	2388
2389	2389
2390	2390
2391	2391
2392	2392
2393	2393
2394	2394
2395	2395
2396	2396
2397	2397
2398	2398
2399	2399
2400	2400
2401	2401
2402	2402
2403	2403
2404	2404
2405	2405
2406	2406
2407	2407
2408	2408
2409	2409
2410	2410
2411	2411
2412	2412
2413	2413
2414	2414
2415	2415
2416	2416
2417	2417
2418	2418
2419	2419
2420	2420
2421	2421
2422	2422
2423	2423
2424	2424
2425	2425
2426	2426
2427	2427
2428	2428
2429	2429
2430	2430
2431	2431
2432	2432
2433	2433
2434	2434
2435	2435
2436	2436
2437	2437
2438	2438
2439	2439
2440	2440
2441	2441
2442	2442
2443	2443
2444	2444
2445	2445
2446	2446
2447	2447
2448	2448
2449	2449
2450	2450
2451	2451
2452	2452
2453	2453
2454	2454
2455	2455
2456	2456
2457	2457
2458	2458
2459	2459
2460	2460
2461	2461
2462	2462
2463	2463
2464	2464
2465	2465
2466	2466
2467	2467
2468	2468
2469	2469
2470	2470
2471	2471
2472	2472
2473	2473
2474	2474
2475	2475
2476	2476
2477	2477
2478	2478
2479	2479
2480	2480
2481	2481
2482	2482
2483	2483
2484	2484
2485	2485
2486	2486
2487	2487
2488	2488
2489	2489
2490	2490
2491	2491
2492	2492
2493	2493
2494	2494
2495	2495
2496	2496
2497	2497
2498	2498
2499	2499
2500	2500
2501	2501
2502	2502
2503	2503
2504	2504
2505	2505
2506	2506
2507	2507
2508	2508
2509	2509
2510	2510
2511	2511
2512	2512
2513	2513
2514	2514
2515	2515
2516	2516
2517	2517
2518	2518
2519	2519
2520	2520
2521	2521
2522	2522
2523	2523
2524	2524
2525	2525
2526	2526
2527	2527
2528	2528
2529	2529
2530	2530
2531	2531
2532	2532
2533	2533
2534	2534
2535	2535
2536	2536
2537	2537
2538	2538
2539	2539
2540	2540
2541	2541
2542	2542
2543	2543
2544	2544
2545	2545
2546	2546
2547	2547
2548	2548
2549	2549
2550	2550
2551	2551
2552	2552
2553	2553
2554	2554
2555	2555
2556	2556
2557	2557
2558	2558
2559	2559
2560	2560
2561	2561
2562	2562
2563	2563
2564	2564
2565	2565
2566	2566
2567	2567
2568	2568
2569	2569
2570	2570
2571	2571
2572	2572
2573	2573
2574	2574
2575	2575
2576	2576
2577	2577
2578	2578
2579	2579
2580	2580
2581	2581
2582	2582
2583	2583
2584	2584
2585	2585
2586	2586
2587	2587
2588	2588
2589	2589
2590	2590
2591	2591
2592	2592
2593	2593
2594	2594
2595	2595
2596	2596
2597	2597
2598	2598
2599	2599
2600	2600
2601	2601
2602	2602
2603	2603
2604	2604
2605	2605
2606	2606
2607	2607
2608	2608
2609	2609
2610	2610
2611	2611
2612	2612
2613	2613
2614	2614
2615	2615
2616	2616
2617	2617
2618	2618
2619	2619
2620	2620
2621	2621
2622	2622
2623	2623
2624	2624
2625	2625
2626	2626
2627	2627
2628	2628
2629	2629
2630	2630
2631	2631
2632	2632
2633	2633
2634	2634
2635	2635
2636	2636
2637	2637
2638	2638
2639	2639
2640	2640
2641	2641
2642	2642
2643	2643
2644	2644
2645	2645
2646	2646
2647	2647
2648	2648
2649	2649
2650	2650
2651	2651
2652	2652
2653	2653
2654	2654
2655	2655
2656	2656
2657	2657
2658	2658
2659	2659
2660	2660
2661	2661
2662	2662
2663	2663
2664	2664
2665	2665
2666	2666
2667	2667
2668	2668
2669	2669
2670	2670
2671	2671
2672	2672
2673	2673
2674	2674
2675	2675
2676	2676
2677	2677
2678	2678
2679	2679
2680	2680
2681	2681
2682	2682
2683	2683
2684	2684
2685	2685
2686	2686
2687	2687
2688	2688
2689	2689
2690	2690
2691	2691
2692	2692
2693	2693
2694	2694
2695	2695
2696	2696
2697	2697
2698	2698
2699	2699
2700	2700
2701	2701
2702	2702
2703	2703
2704	2704
2705	2705
2706	2706
2707	2707
2708	2708
2709	2709
2710	2710
2711	2711
2712	2712
2713	2713
2714	2714
2715	2715
2716	2716
2717	2717
2718	2718
2719	2719
2720	2720
2721	2721
2722	2722
2723	2723
2724	2724
2725	2725
2726	2726
2727	2727
2728	2728
2729	2729
2730	2730
2731	2731
2732	2732
2733	2733
2734	2734
2735	2735
2736	2736
2737	2737
2738	2738
2739	2739
2740	2740
2741	2741
2742	2742
2743	2743
2744	2744
2745	2745
2746	2746
2747	2747
2748	2748
2749	2749
2750	2750
2751	2751
2752	2752
2753	2753
2754	2754
2755	2755
2756	2756
2757	2757
2758	2758
2759	2759
2760	2760
2761	2761
2762	2762
2763	2763
2764	2764
2765	2765
2766	2766
2767	2767
2768	2768
2769	2769
2770	2770
2771	2771
2772	2772
2773	2773
2774	2774
2775	2775
2776	2776
2777	2777
2778	2778
2779	2779
2780	2780
2781	2781
2782	2782
2783	2783
2784	2784
2785	2785
2786	2786
2787	2787
2788	2788
2789	2789
2790	2790
2791	2791
2792	2792
2793	2793
2794	2794
2795	2795
2796	2796
2797	2797
2798	2798
2799	2799
2800	2800
2801	2801
2802	2802
2803	2803
2804	2804
2805	2805
2806	2806
2807	2807
2808	2808
2809	2809
2810	2810
2811	2811
2812	2812
2813	2813
2814	2814
2815	2815
2816	2816
2817	2817
2818	2818
2819	2819
2820	2820
2821	2821
2822	2822
2823	2823
2824	2824
2825	2825
2826	2826
2827	2827
2828	2828
2829	2829
2830	2830
2831	2831
2832	2832
2833	2833
2834	2834
2835	2835
2836	2836
2837	2837
2838	2838
2839	2839
2840	2840
2841	2841
2842	2842
2843	2843
2844	2844
2845	2845
2846	2846
2847	2847
2848	2848
2849	2849
2850	2850
2851	2851
2852	2852
2853	2853
2854	2854
2855	2855
2856	2856
2857	2857
2858	2858
2859	2859
2860	2860
2861	2861
2862	2862
2863	2863
2864	2864
2865	2865
2866	2866
2867	2867
2868	2868
2869	2869
2870	2870
2871	2871
2872	2872
2873	2873
2874	2874
2875	2875
2876	2876
2877	2877
2878	2878
2879	2879
2880	2880
2881	2881
2882	2882
2883	2883
2884	2884
2885	2885
2886	2886
2887	2887
2888	2888
2889	2889
2890	2890
2891	2891
2892	2892
2893	2893
2894	2894
2895	2895
2896	2896
2897	2897
2898	2898
2899	2899
2900	2900
2901	2901
2902	2902
2903	2903
2904	2904
2905	2905
2906	2906
2907	2907
2908	2908
2909	2909
2910	2910
2911	2911
2912	2912
2913	2913
2914	2914
2915	2915
2916	2916
2917	2917
2918	2918
2919	2919
2920	2920
2921	2921
2922	2922
2923	2923
2924	2924
2925	2925
2926	2926
2927	2927
2928	2928
2929	2929
2930	2930
2931	2931
2932	2932
2933	2933
2934	2934
2935	2935
2936	2936
2937	2937
2938	2938
2939	2939
2940	2940
2941	2941
2942	2942
2943	2943
2944	2944
2945	2945
2946	2946
2947	2947
2948	2948
2949	2949
2950	2950
2951	2951
2952	2952
2953	2953
2954	2954
2955	2955
2956	2956
2957	2957
2958	2958
2959	2959
2960	2960
2961	2961
2962	2962
2963	2963
2964	2964
2965	2965
2966	2966
2967	2967
2968	2968
2969	2969
2970	2970
2971	2971
2972	2972
2973	2973
2974	2974
2975	2975
2976	2976
2977	2977
2978	2978
2979	2979
2980	2980
2981	2981
2982	2982
2983	2983
2984	2984
2985	2985
2986	2986
2987	2987
2988	2988
2989	2989
2990	2990
2991	2991
2992	2992
2993	2993
2994	2994
2995	2995
2996	2996
2997	2997
2998	2998
2999	2999
3000	3000
3001	3001
3002	3002
3003	3003
3004	3004
3005	3005
3006	3006
3007	3007
3008	3008
3009	3009
3010	3010
3011	3011
3012	3012
3013	3013
3014	3014
3015	3015
3016	3016
3017	3017
3018	3018
3019	3019
3020	3020
3021	3021
3022	3022
3023	3023
3024	3024
3025	3025
3026	3026
3027	3027
3028	3028
3029	3029
3030	3030
3031	3031
3032	3032
3033	3033
3034	3034
3035	3035
3036	3036
3037	3037
3038	3038
3039	3039
3040	3040
3041	3041
3042	3042
3043	3043
3044	3044
3045	3045
3046	3046
3047	3047
3048	3048
3049	3049
3050	3050
3051	3051
3052	3052
3053	3053
3054	3054
3055	3055
3056	3056
3057	3057
3058	3058
3059	3059
3060	3060
3061	3061
3062	3062
3063	3063
3064	3064
3065	3065
3066	3066
3067	3067
3068	3068
3069	3069
3070	3070
3071	3071
3072	3072
3073	3073
3074	3074
3075	3075
3076	3076
3077	3077
3078	3078
3079	3079
3080	3080
3081	3081
3082	3082
3083	3083
3084	3084
3085	3085
3086	3086
3087	3087
3088	3088
3089	3089
3090	3090
3091	3091
3092	3092
3093	3093
3094	3094
3095	3095
3096	3096
3097	3097
3098	3098
3099	3099
3100	3100
3101	3101
3102	3102
3103	3103
3104	3104
3105	3105
3106	3106
3107	3107
3108	3108
3109	3109
3110	3110
3111	3111
3112	3112
3113	3113
3114	3114
3115	3115
3116	3116
3117	3117
3118	3118
3119	3119
3120	3120
3121	3121
3122	3122
3123	3123
3124	3124
3125	3125
3126	3126
3127	3127
3128	3128
3129	3129
3130	3130
3131	3131
3132	3132
3133	3133
3134	3134
3135	3135
3136	3136
3137	3137
3138	3138
3139	3139
3140	3140
3141	3141
3142	3142
3143	3143
3144	3144
3145	3145
3146	3146
3147	3147
3148	3148
3149	3149
3150	3150
3151	3151
3152	3152
3153	3153
3154	3154
3155	3155
3156	3156
3157	3157
3158	3158
3159	3159
3160	3160
3161	3161
3162	3162
3163	3163
3164	3164
3165	3165
3166	3166
3167	3167
3168	3168
3169	3169
3170	3170
3171	3171
3172	3172
3173	3173
3174	3174
3175	3175
3176	3176
3177	3177
3178	3178
3179	3179
3180	3180
3181	3181
3182	3182
3183	3183
3184	3184
3185	3185
3186	3186
3187	3187
3188	3188
3189	3189
3190	3190
3191	3191
3192	3192
3193	3193
3194	3194
3195	3195
3196	3196
3197	3197
3198	3198
3199	3199
3200	3200
3201	3201
3202	3202
3203	3203
3204	3204
3205	3205
3206	3206
3207	3207
3208	3208
3209	3209
3210	3210
3211	3211
3212	3212
3213	3213
3214	3214
3215	3215
3216	3216
3217	3217
3218	3218
3219	3219
3220	3220
3221	3221
3222	3222
3223	3223
3224	3224
3225	3225
3226	3226
3227	3227
3228	3228
3229	3229
3230	3230
3231	3231
3232	3232
3233	3233
3234	3234
3235	3235
3236	3236
3237	3237
3238	3238
3239	3239
3240	3240
3241	3241
3242	3242
3243	3243
3244	3244
3245	3245
3246	3246
3247	3247
3248	3248
3249	3249
3250	3250
3251	3251
3252	3252
3253	3253
3254	3254
3255	3255
3256	3256
3257	3257
3258	3258
3259	3259
3260	3260
3261	3261
3262	3262
3263	3263
3264	3264
3265	3265
3266	3266
3267	3267
3268	3268
3269	3269
3270	3270
3271	3271
3272	3272
3273	3273
3274	3274
3275	3275
3276	3276
3277	3277
3278	3278
3279	3279
3280	3280
3281	3281
3282	3282
3283	3283
3284	3284
3285	3285
3286	3286
3287	3287
3288	3288
3289	3289
3290	3290
3291	3291
3292	3292
3293	3293
3294	3294
3295	3295
3296	3296
3297	3297
3298	3298
3299	3299
3300	3300
3301	3301
3302	3302
3303	3303
3304	3304
3305	3305
3306	3306
3307	3307
3308	3308
3309	3309
3310	3310
3311	3311
3312	3312
3313	3313
3314	3314
3315	3315
3316	3316
3317	3317
3318	3318
3319	3319
3320	3320
3321	3321
3322	3322
3323	3323
3324	3324
3325	3325
3326	3326
3327	3327
3328	3328
3329	3329
3330	3330
3331	3331
3332	3332
3333	3333
3334	3334
3335	3335
3336	3336
3337	3337
3338	3338
3339	3339
3340	3340
3341	3341
3342	3342
3343	3343
3344	3344
3345	3345
3346	3346
3347	3347
3348	3348
3349	3349
3350	3350
3351	3351
3352	3352
3353	3353
3354	3354
3355	3355
3356	3356
3357	3357
3358	3358
3359	3359
3360	3360
3361	3361
3362	3362
3363	3363
3364	3364
3365	3365
3366	3366
3367	3367
3368	3368
3369	3369
3370	3370
3371	3371
3372	3372
3373	3373
3374	3374
3375	3375
3376	3376
3377	3377
3378	3378
3379	3379
3380	3380
3381	3381
3382	3382
3383	3383
3384	3384
3385	3385
3386	3386
3387	3387
3388	3388
3389	3389
3390	3390
3391	3391
3392	3392
3393	3393
3394	3394
3395	3395
3396	3396
3397	3397
3398	3398
3399	3399
3400	3400
3401	3401
3402	3402
3403	3403
3404	3404
3405	3405
3406	3406
3407	3407
3408	3408
3409	3409
3410	3410
3411	3411
3412	3412
3413	3413
3414	3414
3415	3415
3416	3416
3417	3417
3418	3418
3419	3419
3420	3420
3421	3421
3422	3422
3423	3423
3424	3424
3425	3425
3426	3426
3427	3427
3428	3428
3429	3429
3430	3430
3431	3431
3432	3432
3433	3433
3434	3434
3435	3435
3436	3436
3437	3437
3438	3438
3439	3439
3440	3440
3441	3441
3442	3442
3443	3443
3444	3444
3445	3445
3446	3446
3447	3447
3448	3448
3449	3449
3450	3450
3451	3451
3452	3452
3453	3453
3454	3454
3455	3455
3456	3456
3457	3457
3458	3458
3459	3459
3460	3460
3461	3461
3462	3462
3463	3463
3464	3464
3465	3465
3466	3466
3467	3467
3468	3468
3469	3469
3470	3470
3471	3471
3472	3472
3473	3473
3474	3474
3475	3475
3476	3476
3477	3477
3478	3478
3479	3479
3480	3480
3481	3481
3482	3482
3483	3483
3484	3484
3485	3485
3486	3486
3487	3487
3488	3488
3489	3489
3490	3490
3491	3491
3492	3492
3493	3493
3494	3494
3495	3495
3496	3496
3497	3497
3498	3498
3499	3499
3500	3500
3501	3501
3502	3502
3503	3503
3504	3504
3505	3505
3506	3506
3507	3507
3508	3508
3509	3509
3510	3510
3511	3511
3512	3512
3513	3513
3514	3514
3515	3515
3516	3516
3517	3517
3518	3518
3519	3519
3520	3520
3521	3521
3522	3522
3523	3523
3524	3524
3525	3525
3526	3526
3527	3527
3528	3528
3529	3529
3530	3530
3531	3531
3532	3532
3533	3533
3534	3534
3535	3535
3536	3536
3537	3537
3538	3538
3539	3539
3540	3540
3541	3541
3542	3542
3543	3543
3544	3544
3545	3545
3546	3546
3547	3547
3548	3548
3549	3549
3550	3550
3551	3551
3552	3552
3553	3553
3554	3554
3555	3555
3556	3556
3557	3557
3558	3558
3559	3559
3560	3560
3561	3561
3562	3562
3563	3563
3564	3564
3565	3565
3566	3566
3567	3567
3568	3568
3569	3569
3570	3570
3571	3571
3572	3572
3573	3573
3574	3574
3575	3575
3576	3576
3577	3577
3578	3578
3579	3579
3580	3580
3581	3581
3582	3582
3583	3583
3584	3584
3585	3585
3586	3586
3587	3587
3588	3588
3589	3589
3590	3590
3591	3591
3592	3592
3593	3593
3594	3594
3595	3595
3596	3596
3597	3597
3598	3598
3599	3599
3600	3600
3601	3601
3602	3602
3603	3603
3604	3604
3605	3605
3606	3606
3607	3607
3608	3608
3609	3609
3610	3610
3611	3611
3612	3612
3613	3613
3614	3614
3615	3615
3616	3616
3617	3617
3618	3618
3619	3619
3620	3620
3621	3621
3622	3622
3623	3623
3624	3624
3625	3625
3626	3626
3627	3627
3628	3628
3629	3629
3630	3630
3631	3631
3632	3632
3633	3633
3634	3634
3635	3635
3636	3636
3637	3637
3638	3638
3639	3639
3640	3640
3641	3641
3642	3642
3643	3643
3644	3644
3645	3645
3646	3646
3647	3647
3648	3648
3649	3649
3650	3650
3651	3651
3652	3652
3653	3653
3654	3654
3655	3655
3656	3656
3657	3657
3658	3658
3659	3659
3660	3660
3661	3661
3662	3662
3663	3663
3664	3664
3665	3665
3666	3666
3667	3667
3668	3668
3669	3669
3670	3670
3671	3671
3672	3672
3673	3673
3674	3674
3675	3675
3676	3676
3677	3677
3678	3678
3679	3679
3680	3680
3681	3681
3682	3682
3683	3683
3684	3684
3685	3685
3686	3686
3687	3687
3688	3688
3689	3689
3690	3690
3691	3691
3692	3692
3693	3693
3694	3694
3695	3695
3696	3696
3697	3697
3698	3698
3699	3699
3700	3700
3701	3701
3702	3702
3703	3703
3704	3704
3705	3705
3706	3706
3707	3707
3708	3708
3709	3709
3710	3710
3711	3711
3712	3712
3713	3713
3714	3714
3715	3715
3716	3716
3717	3717
3718	3718
3719	3719
3720	3720
3721	3721
3722	3722
3723	3723
3724	3724
3725	3725
3726	3726
3727	3727
3728	3728
3729	3729
3730	3730
3731	3731
3732	3732
3733	3733
3734	3734
3735	3735
3736	3736
3737	3737
3738	3738
3739	3739
3740	3740
3741	3741
3742	3742
3743	3743
3744	3744
3745	3745
3746	3746
3747	3747
3748	3748
3749	3749
3750	3750
3751	3751
3752	3752
3753	3753
3754	3754
3755	3755
3756	3756
3757	3757
3758	3758
3759	3759
3760	3760
3761	3761
3762	3762
3763	3763
3764	3764
3765	3765
3766	3766
3767	3767
3768	3768
3769	3769
3770	3770
3771	3771
3772	3772
3773	3773
3774	3774
3775	3775
3776	3776
3777	3777
3778	3778
3779	3779
3780	3780
3781	3781
3782	3782
3783	3783
3784	3784
3785	3785
3786	3786
3787	3787
3788	3788
3789	3789
3790	3790
3791	3791
3792	3792
3793	3793
3794	3794
3795	3795
3796	3796
3797	3797
3798	3798
3799	3799
3800	3800
3801	3801
3802	3802
3803	3803
3804	3804
3805	3805
3806	3806
3807	3807
3808	3808
3809	3809
3810	3810
3811	3811
3812	3812
3813	3813
3814	3814
3815	3815
3816	3816
3817	3817
3818	3818
3819	3819
3820	3820
3821	3821
3822	3822
3823	3823
3824	3824
3825	3825
3826	3826
3827	3827
3828	3828
3829	3829
3830	3830
3831	3831
3832	3832
3833	3833
3834	3834
3835	3835
3836	3836
3837	3837
3838	3838
3839	3839
3840	3840
3841	3841
3842	3842
3843	3843
3844	3844
3845	3845
3846	3846
3847	3847
3848	3848
3849	3849
3850	3850
3851	3851
3852	3852
3853	3853
3854	3854
3855	3855
3856	3856
3857	3857
3858	3858
3859	3859
3860	3860
3861	3861
3862	3862
3863	3863
3864	3864
3865	3865
3866	3866
3867	3867
3868	3868
3869	3869
3870	3870
3871	3871
3872	3872
3873	3873
3874	3874
3875	3875
3876	3876
3877	3877
3878	3878
3879	3879
3880	3880
3881	3881
3882	3882
3883	3883
3884	3884
3885	3885
3886	3886
3887	3887
3888	3888
3889	3889
3890	3890
3891	3891
3892	3892
3893	3893
3894	3894
3895	3895
3896	3896
3897	3897
3898	3898
3899	3899
3900	3900
3901	3901
3902	3902
3903	3903
3904	3904
3905	3905
3906	3906
3907	3907
3908	3908
3909	3909
3910	3910
3911	3911
3912	3912
3913	3913
3914	3914
3915	3915
3916	3916
3917	3917
3918	3918
3919	3919
3920	3920
3921	3921
3922	3922
3923	3923
3924	3924
3925	3925
3926	3926
3927	3927
3928	3928
3929	3929
3930	3930
3931	3931
3932	3932
3933	3933
3934	3934
3935	3935
3936	3936
3937	3937
3938	3938
3939	3939
3940	3940
3941	3941
3942	3942
3943	3943
3944	3944
3945	3945
3946	3946
3947	3947
3948	3948
3949	3949
3950	3950
3951	3951
3952	3952
3953	3953
3954	3954
3955	3955
3956	3956
3957	3957
3958	3958
3959	3959
3960	3960
3961	3961
3962	3962
3963	3963
3964	3964
3965	3965
3966	3966
3967	3967
3968	3968
3969	3969
3970	3970
3971	3971
3972	3972
3973	3973
3974	3974
3975	3975
3976	3976
3977	3977
3978	3978
3979	3979
3980	3980
3981	3981
3982	3982
3983	3983
3984	3984
3985	3985
3986	3986
3987	3987
3988	3988
3989	3989
3990	3990
3991	3991
3992	3992
3993	3993
3994	3994
3995	3995
3996	3996
3997	3997
3998	3998
3999	3999
4000	4000
4001	4001
4002	4002
4003	4003
4004	4004
4005	4005
4006	4006
4007	4007
4008	4008
4009	4009
4010	4010
4011	4011
4012	4012
4013	4013
4014	4014
4015	4015
4016	4016
4017	4017
4018	4018
4019	4019
4020	4020
4021	4021
4022	4022
4023	4023
4024	4024
4025	4025
4026	4026
4027	4027
4028	4028
4029	4029
4030	4030
4031	4031
4032	4032
4033	4033
4034	4034
4035	4035
4036	4036
4037	4037
4038	4038
4039	4039
4040	4040
4041	4041
4042	4042
4043	4043
4044	4044
4045	4045
4046	4046
4047	4047
4048	4048
4049	4049
4050	4050
4051	4051
4052	4052
4053	4053
4054	4054
4055	4055
4056	4056
4057	4057
4058	4058
4059	4059
4060	4060
4061	4061
4062	4062
4063	4063
4064	4064
4065	4065
4066	4066
4067	4067
4068	4068
4069	4069
4070	4070
4071	4071
4072	4072
4073	4073
4074	4074
4075	4075
4076	4076
4077	4077
4078	4078
4079	4079
4080	4080
4081	4081
4082	4082
4083	4083
4084	4084
4085	4085
4086	4086
4087	4087
4088	4088
4089	4089
4090	4090
4091	4091
4092	4092
4093	4093
4094	4094
4095	4095
4096	4096
4097	4097
4098	4098
4099	4099
4100	4100
4101	4101
4102	4102
4103	4103
4104	4104
4105	4105
4106	4106
4107	4107
4108	4108
4109	4109
4110	4110
4111	4111
4112	4112
4113	4113
4114	4114
4115	4115
4116	4116
4117	4117
4118	4118
4119	4119
4120	4120
4121	4121
4122	4122
4123	4123
4124	4124
4125	4125
4126	4126
4127	4127
4128	4128
4129	4129
4130	4130
4131	4131
4132	4132
4133	4133
4134	4134
4135	4135
4136	4136
4137	4137
4138	4138
4139	4139
4140	4140
4141	4141
4142	4142
4143	4143
4144	4144
4145	4145
4146	4146
4147	4147
4148	4148
4149	4149
4150	4150
4151	4151
4152	4152
4153	4153
4154	4154
4155	4155
4156	4156
4157	4157
4158	4158
4159	4159
4160	4160
4161	4161
4162	4162
4163	4163
4164	4164
4165	4165
4166	4166
4167	4167
4168	4168
4169	4169
4170	4170
4171	4171
4172	4172
4173	4173
4174	4174
4175	4175
4176	4176
4177	4177
4178	4178
4179	4179
4180	4180
4181	4181
4182	4182
4183	4183
4184	4184
4185	4185
4186	4186
4187	4187
4188	4188
4189	4189
4190	4190
4191	4191
4192	4192
4193	4193
4194	4194
4195	4195
4196	4196
4197	4197
4198	4198
4199	4199
4200	4200
4201	4201
4202	4202
4203	4203
4204	4204
4205	4205
4206	4206
4207	4207
4208	4208
4209	4209
4210	4210
4211	4211
4212	4212
4213	4213
4214	4214
4215	4215
4216	4216
4217	4217
4218	4218
4219	4219
4220	4220
4221	4221
4222	4222
4223	4223
4224	4224
4225	4225
4226	4226
4227	4227
4228	4228
4229	4229
4230	4230
4231	4231
4232	4232
4233	4233
4234	4234
4235	4235
4236	4236
4237	4237
4238	4238
4239	4239
4240	4240
4241	4241
4242	4242
4243	4243
4244	4244
4245	4245
4246	4246
4247	4247
4248	4248
4249	4249
4250	4250
4251	4251
4252	4252
4253	4253
4254	4254
4255	4255
4256	4256
4257	4257
4258	4258
4259	4259
4260	4260
4261	4261
4262	4262
4263	4263
4264	4264
4265	4265
4266	4266
4267	4267
4268	4268
4269	4269
4270	4270
4271	4271
4272	4272
4273	4273
4274	4274
4275	4275
4276	4276
4277	4277
4278	4278
4279	4279
4280	4280
4281	4281
4282	4282
4283	4283
4284	4284
4285	4285
4286	4286
4287	4287
4288	4288
4289	4289
4290	4290
4291	4291
4292	4292
4293	4293
4294	4294
4295	4295
4296	4296
4297	4297
4298	4298
4299	4299
4300	4300
4301	4301
4302	4302
4303	4303
4304	4304
4305	4305
4306	4306
4307	4307
4308	4308
4309	4309
4310	4310
4311	4311
4312	4312
4313	4313
4314	4314
4315	4315
4316	4316
4317	4317
4318	4318
4319	4319
4320	4320
4321	4321
4322	4322
4323	4323
4324	4324
4325	4325
4326	4326
4327	4327
4328	4328
4329	4329
4330	4330
4331	4331
4332	4332
4333	4333
4334	4334
4335	4335
4336	4336
4337	4337
4338	4338
4339	4339
4340	4340
4341	4341
4342	4342
4343	4343
4344	4344
4345	4345
4346	4346
4347	4347
4348	4348
4349	4349
4350	4350
4351	4351
4352	4352
4353	4353
4354	4354
4355	4355
4356	4356
4357	4357
4358	4358
4359	4359
4360	4360
4361	4361
4362	4362
4363	4363
4364	4364
4365	4365
4366	4366
4367	4367
4368	4368
4369	4369
4370	4370
4371	4371
4372	4372
4373	4373
4374	4374
4375	4375
4376	4376
4377	4377
4378	4378
4379	4379
4380	4380
4381	4381
4382	4382
4383	4383
4384	4384
4385	4385
4386	4386
4387	4387
4388	4388
4389	4389
4390	4390
4391	4391
4392	4392
4393	4393
4394	4394
4395	4395
4396	4396
4397	4397
4398	4398
4399	4399
4400	4400
4401	4401
4402	4402
4403	4403
4404	4404
4405	4405
4406	4406
4407	4407
4408	4408
4409	4409
4410	4410
4411	4411
4412	4412
4413	4413
4414	4414
4415	4415
4416	4416
4417	4417
4418	4418
4419	4419
4420	4420
4421	4421
4422	4422
4423	4423
4424	4424
4425	4425
4426	4426
4427	4427
4428	4428
4429	4429
4430	4430
4431	4431
4432	4432
4433	4433
4434	4434
4435	4435
4436	4436
4437	4437
4438	4438
4439	4439
4440	4440
4441	4441
4442	4442
4443	4443
4444	4444
4445	4445
4446	4446
4447	4447
4448	4448
4449	4449
4450	4450
4451	4451
4452	4452
4453	4453
4454	4454
4455	4455
4456	4456
4457	4457
4458	4458
4459	4459
4460	4460
4461	4461
4462	4462
4463	4463
4464	4464
4465	4465
4466	4466
4467	4467
4468	4468
4469	4469
4470	4470
4471	4471
4472	4472
4473	4473
4474	4474
4475	4475
4476	4476
4477	4477
4478	4478
4479	4479
4480	4480
4481	4481
4482	4482
4483	4483
4484	4484
4485	4485
4486	4486
4487	4487
4488	4488
4489	4489
4490	4490
4491	4491
4492	4492
4493	4493
4494	4494
4495	4495
4496	4496
4497	4497
4498	4498
4499	4499
4500	4500
4501	4501
4502	4502
4503	4503
4504	4504
4505	4505
4506	4506
4507	4507
4508	4508
4509	4509
4510	4510
4511	4511
4512	4512
4513	4513
4514	4514
4515	4515
4516	4516
4517	4517
4518	4518
4519	4519
4520	4520
4521	4521
4522	4522
4523	4523
4524	4524
4525	4525
4526	4526
4527	4527
4528	4528
4529	4529
4530	4530
4531	4531
4532	4532
4533	4533
4534	4534
4535	4535
4536	4536
4537	4537
4538	4538
4539	4539
4540	4540
4541	4541
4542	4542
4543	4543
4544	4544
4545	4545
4546	4546
4547	4547
4548	4548
4549	4549
4550	4550
4551	4551
4552	4552
4553	4553
4554	4554
4555	4555
4556	4556
4557	4557
4558	4558
4559	4559
4560	4560
4561	4561
4562	4562
4563	4563
4564	4564
4565	4565
4566	4566
4567	4567
4568	4568
4569	4569
4570	4570
4571	4571
4572	4572
4573	4573
4574	4574
4575	4575
4576	4576
4577	4577
4578	4578
4579	4579
4580	4580
4581	4581
4582	4582
4583	4583
4584	4584
4585	4585
4586	4586
4587	4587
4588	4588
4589	4589
4590	4590
4591	4591
4592	4592
4593	4593
4594	4594
4595	4595
4596	4596
4597	4597
4598	4598
4599	4599
4600	4600
4601	4601
4602	4602
4603	4603
4604	4604
4605	4605
4606	4606
4607	4607
4608	4608
4609	4609
4610	4610
4611	4611
4612	4612
4613	4613
4614	4614
4615	4615
4616	4616
4617	4617
4618	4618
4619	4619
4620	4620
4621	4621
4622	4622
4623	4623
4624	4624
4625	4625
4626	4626
4627	4627
4628	4628
4629	4629
4630	4630
4631	4631
4632	4632
4633	4633
4634	4634
4635	4635
4636	4636
4637	4637
4638	4638
4639	4639
4640	4640
4641	4641
4642	4642
4643	4643
4644	4644
4645	4645
4646	4646
4647	4647
4648	4648
4649	4649
4650	4650
4651	4651
4652	4652
4653	4653
4654	4654
4655	4655
4656	4656
4657	4657
4658	4658
4659	4659
4660	4660
4661	4661
4662	4662
4663	4663
4664	4664
4665	4665
4666	4666
4667	4667
4668	4668
4669	4669
4670	4670
4671	4671
4672	4672
4673	4673
4674	4674
4675	4675
4676	4676
4677	4677
4678	4678
4679	4679
4680	4680
4681	4681
4682	4682
4683	4683
4684	4684
4685	4685
4686	4686
4687	4687
4688	4688
4689	4689
4690	4690
4691	4691
4692	4692
4693	4693
4694	4694
4695	4695
4696	4696
4697	4697
4698	4698
4699	4699
4700	4700
4701	4701
4702	4702
4703	4703
4704	4704
4705	4705
4706	4706
4707	4707
4708	4708
4709	4709
4710	4710
4711	4711
4712	4712
4713	4713
4714	4714
4715	4715
4716	4716
4717	4717
4718	4718
4719	4719
4720	4720
4721	4721
4722	4722
4723	4723
4724	4724
4725	4725
4726	4726
4727	4727
4728	4728
4729	4729
4730	4730
4731	4731
4732	4732
4733	4733
4734	4734
4735	4735
4736	4736
4737	4737
4738	4738
4739	4739
4740	4740
4741	4741
4742	4742
4743	4743
4744	4744
4745	4745
4746	4746
4747	4747
4748	4748
4749	4749
4750	4750
4751	4751
4752	4752
4753	4753
4754	4754
4755	4755
4756	4756
4757	4757
4758	4758
4759	4759
4760	4760
4761	4761
4762	4762
4763	4763
4764	4764
4765	4765
4766	4766
4767	4767
4768	4768
4769	4769
4770	4770
4771	4771
4772	4772
4773	4773
4774	4774
4775	4775
4776	4776
4777	4777
4778	4778
4779	4779
4780	4780
4781	4781
4782	4782
4783	4783
4784	4784
4785	4785
4786	4786
4787	4787
4788	4788
4789	4789
4790	4790
4791	4791
4792	4792
4793	4793
4794	4794
4795	4795
4796	4796
4797	4797
4798	4798
4799	4799
4800	4800
4801	4801
4802	4802
4803	4803
4804	4804
4805	4805
4806	4806
4807	4807
4808	4808
4809	4809
4810	4810
4811	4811
4812	4812
4813	4813
4814	4814
4815	4815
4816	4816
4817	4817
4818	4818
4819	4819
4820	4820
4821	4821
4822	4822
4823	4823
4824	4824
4825	4825
4826	4826
4827	4827
4828	4828
4829	4829
4830	4830
4831	4831
4832	4832
4833	4833
4834	4834
4835	4835
4836	4836
4837	4837
4838	4838
4839	4839
4840	4840
4841	4841
4842	4842
4843	4843
4844	4844
4845	4845
4846	4846
4847	4847
4848	4848
4849	4849
4850	4850
4851	4851
4852	4852
4853	4853
4854	4854
4855	4855
4856	4856
4857	4857
4858	4858
4859	4859
4860	4860
4861	4861
4862	4862
4863	4863
4864	4864
4865	4865
4866	4866
4867	4867
4868	4868
4869	4869
4870	4870
4871	4871
4872	4872
4873	4873
4874	4874
4875	4875
4876	4876
4877	4877
4878	4878
4879	4879
4880	4880
4881	4881
4882	4882
4883	4883
4884	4884
4885	4885
4886	4886
4887	4887
4888	4888
4889	4889
4890	4890
4891	4891
4892	4892
4893	4893
4894	4894
4895	4895
4896	4896
4897	4897
4898	4898
4899	4899
4900	4900
4901	4901
4902	4902
4903	4903
4904	4904
4905	4905
4906	4906
4907	4907
4908	4908
4909	4909
4910	4910
4911	4911
4912	4912
4913	4913
4914	4914
4915	4915
4916	4916
4917	4917
4918	4918
4919	4919
4920	4920
4921	4921
4922	4922
4923	4923
4924	4924
4925	4925
4926	4926
4927	4927
4928	4928
4929	4929
4930	4930
4931	4931
4932	4932
4933	4933
4934	4934
4935	4935
4936	4936
4937	4937
4938	4938
4939	4939
4940	4940
4941	4941
4942	4942
4943	4943
4944	4944
4945	4945
4946	4946
4947	4947
4948	4948
4949	4949
4950	4950
4951	4951
4952	4952
4953	4953
4954	4954
4955	4955
4956	4956
4957	4957
4958	4958
4959	4959
4960	4960
4961	4961
4962	4962
4963	4963
4964	4964
4965	4965
4966	4966
4967	4967
4968	4968
4969	4969
4970	4970
4971	4971
4972	4972
4973	4973
4974	4974
4975	4975
4976	4976
4977	4977
4978	4978
4979	4979
4980	4980
4981	4981
4982	4982
4983	4983
4984	4984
4985	4985
4986	4986
4987	4987
4988	4988
4989	4989
4990	4990
4991	4991
4992	4992
4993	4993
4994	4994
4995	4995
4996	4996
4997	4997
4998	4998
4999	4999
5000	5000
5001	5001
5002	5002
5003	5003
5004	5004
5005	5005
5006	5006
5007	5007
5008	5008
5009	5009
5010	5010
5011	5011
5012	5012
5013	5013
5014	5014
5015	5015
5016	5016
5017	5017
5018	5018
5019	5019
5020	5020
5021	5021
5022	5022
5023	5023
5024	5024
5025	5025
5026	5026
5027	5027
5028	5028
5029	5029
5030	5030
5031	5031
5032	5032
5033	5033
5034	5034
5035	5035
5036	5036
5037	5037
5038	5038
5039	5039
5040	5040
5041	5041
5042	5042
5043	5043
5044	5044
5045	5045
5046	5046
5047	5047
5048	5048
5049	5049
5050	5050
5051	5051
5052	5052
5053	5053
5054	5054
5055	5055
5056	5056
5057	5057
5058	5058
5059	5059
5060	5060
5061	5061
5062	5062
5063	5063
5064	5064
5065	5065
5066	5066
5067	5067
5068	5068
5069	5069
5070	5070
5071	5071
5072	5072
5073	5073
5074	5074
5075	5075
5076	5076
5077	5077
5078	5078
5079	5079
5080	5080
5081	5081
5082	5082
5083	5083
5084	5084
5085	5085
5086	5086
5087	5087
5088	5088
5089	5089
5090	5090
5091	5091
5092	5092
5093	5093
5094	5094
5095	5095
5096	5096
5097	5097
5098	5098
5099	5099
5100	5100
5101	5101
5102	5102
5103	5103
5104	5104
5105	5105
5106	5106
5107	5107
5108	5108
5109	5109
5110	5110
5111	5111
5112	5112
5113	5113
5114	5114
5115	5115
5116	5116
5117	5117
5118	5118
5119	5119
5120	5120
5121	5121
5122	5122
5123	5123
5124	5124
5125	5125
5126	5126
5127	5127
5128	5128
5129	5129
5130	5130
5131	5131
5132	5132
5133	5133
5134	5134
5135	5135
5136	5136
5137	5137
5138	5138
5139	5139
5140	5140
5141	5141
5142	5142
5143	5143
5144	5144
5145	5145
5146	5146
5147	5147
5148	5148
5149	5149
5150	5150
5151	5151
5152	5152
5153	5153
5154	5154
5155	5155
5156	5156
5157	5157
5158	5158
5159	5159
5160	5160
5161	5161
5162	5162
5163	5163
5164	5164
5165	5165
5166	5166
5167	5167
5168	5168
5169	5169
5170	5170
5171	5171
5172	5172
5173	5173
5174	5174
5175	5175
5176	5176
5177	5177
5178	5178
5179	5179
5180	5180
5181	5181
5182	5182
5183	5183
5184	5184
5185	5185
5186	5186
5187	5187
5188	5188
5189	5189
5190	5190
5191	5191
5192	5192
5193	5193
5194	5194
5195	5195
5196	5196
5197	5197
5198	5198
5199	5199
5200	5200
5201	5201
5202	5202
5203	5203
5204	5204
5205	5205
5206	5206
5207	5207
5208	5208
5209	5209
5210	5210
5211	5211
5212	5212
5213	5213
5214	5214
5215	5215
5216	5216
5217	5217
5218	5218
5219	5219
5220	5220
5221	5221
5222	5222
5223	5223
5224	5224
5225	5225
5226	5226
5227	5227
5228	5228
5229	5229
5230	5230
5231	5231
5232	5232
5233	5233
5234	5234
5235	5235
5236	5236
5237	5237
5238	5238
5239	5239
5240	5240
5241	5241
5242	5242
5243	5243
5244	5244
5245	5245
5246	5246
5247	5247
5248	5248
5249	5249
5250	5250
5251	5251
5252	5252
5253	5253
5254	5254
5255	5255
5256	5256
5257	5257
5258	5258
5259	5259
5260	5260
5261	5261
5262	5262
5263	5263
5264	5264
5265	5265
5266	5266
5267	5267
5268	5268
5269	5269
5270	5270
5271	5271
5272	5272
5273	5273
5274	5274
5275	5275
5276	5276
5277	5277
5278	5278
5279	5279
5280	5280
5281	5281
5282	5282
5283	5283
5284	5284
5285	5285
5286	5286
5287	5287
5288	5288
5289	5289
5290	5290
5291	5291
5292	5292
5293	5293
5294	5294
5295	5295
5296	5296
5297	5297
5298	5298
5299	5299
5300	5300
5301	5301
5302	5302
5303	5303
5304	5304
5305	5305
5306	5306
5307	5307
5308	5308
5309	5309
5310	5310
5311	5311
5312	5312
5313	5313
5314	5314
5315	5315
5316	5316
5317	5317
5318	5318
5319	5319
5320	5320
5321	5321
5322	5322
5323	5323
5324	5324
5325	5325
5326	5326
5327	5327
5328	5328
5329	5329
5330	5330
5331	5331
5332	5332
5333	5333
5334	5334
5335	5335
5336	5336
5337	5337
5338	5338
5339	5339
5340	5340
5341	5341
5342	5342
5343	5343
5344	5344
5345	5345
5346	5346
5347	5347
5348	5348
5349	5349
5350	5350
5351	5351
5352	5352
5353	5353
5354	5354
5355	5355
5356	5356
5357	5357
5358	5358
5359	5359
5360	5360
5361	5361
5362	5362
5363	5363
5364	5364
5365	5365
5366	5366
5367	5367
5368	5368
5369	5369
5370	5370
5371	5371
5372	5372
5373	5373
5374	5374
5375	5375
5376	5376
5377	5377
5378	5378
5379	5379
5380	5380
5381	5381
5382	5382
5383	5383
5384	5384
5385	5385
5386	5386
5387	5387
5388	5388
5389	5389
5390	5390
5391	5391
5392	5392
5393	5393
5394	5394
5395	5395
5396	5396
5397	5397
5398	5398
5399	5399
5400	5400
5401	5401
5402	5402
5403	5403
5404	5404
5405	5405
5406	5406
5407	5407
5408	5408
5409	5409
5410	5410
5411	5411
5412	5412
5413	5413
5414	5414
5415	5415
5416	5416
5417	5417
5418	5418
5419	5419
5420	5420
5421	5421
5422	5422
5423	5423
5424	5424
5425	5425
5426	5426
5427	5427
5428	5428
5429	5429
5430	5430
5431	5431
5432	5432
5433	5433
5434	5434
5435	5435
5436	5436
5437	5437
5438	5438
5439	5439
5440	5440
5441	5441
5442	5442
5443	5443
5444	5444
5445	5445
5446	5446
5447	5447
5448	5448
5449	5449
5450	5450
5451	5451
5452	5452
5453	5453
5454	5454
5455	5455
5456	5456
5457	5457
5458	5458
5459	5459
5460	5460
5461	5461
5462	5462
5463	5463
5464	5464
5465	5465
5466	5466
5467	5467
5468	5468
5469	5469
5470	5470
5471	5471
5472	5472
5473	5473
5474	5474
5475	5475
5476	5476
5477	5477
5478	5478
5479	5479
5480	5480
5481	5481
5482	5482
5483	5483
5484	5484
5485	5485
5486	5486
5487	5487
5488	5488
5489	5489
5490	5490
5491	5491
5492	5492
5493	5493
5494	5494
5495	5495
5496	5496
5497	5497
5498	5498
5499	5499
5500	5500
5501	5501
5502	5502
5503	5503
5504	5504
5505	5505
5506	5506
5507	5507
5508	5508
5509	5509
5510	5510
5511	5511
5512	5512
5513	5513
5514	5514
5515	5515
5516	5516
5517	5517
5518	5518
5519	5519
5520	5520
5521	5521
5522	5522
5523	5523
5524	5524
5525	5525
5526	5526
5527	5527
5528	5528
5529	5529
5530	5530
5531	5531
5532	5532
5533	5533
5534	5534
5535	5535
5536	5536
5537	5537
5538	5538
5539	5539
5540	5540
5541	5541
5542	5542
5543	5543
5544	5544
5545	5545
5546	5546
5547	5547
5548	5548
5549	5549
5550	5550
5551	5551
5552	5552
5553	5553
5554	5554
5555	5555
5556	5556
5557	5557
5558	5558
5559	5559
5560	5560
5561	5561
5562	5562
5563	5563
5564	5564
5565	5565
5566	5566
5567	5567
5568	5568
5569	5569
5570	5570
5571	5571
5572	5572
5573	5573
5574	5574
5575	5575
5576	5576
5577	5577
5578	5578
5579	5579
5580	5580
5581	5581
5582	5582
5583	5583
5584	5584
5585	5585
5586	5586
5587	5587
5588	5588
5589	5589
5590	5590
5591	5591
5592	5592
5593	5593
5594	5594
5595	5595
5596	5596
5597	5597
5598	5598
5599	5599
5600	5600
5601	5601
5602	5602
5603	5603
5604	5604
5605	5605
5606	5606
5607	5607
5608	5608
5609	5609
5610	5610
5611	5611
5612	5612
5613	5613
5614	5614
5615	5615
5616	5616
5617	5617
5618	5618
5619	5619
5620	5620
5621	5621
5622	5622
5623	5623
5624	5624
5625	5625
5626	5626
5627	5627
5628	5628
5629	5629
5630	5630
5631	5631
5632	5632
5633	5633
5634	5634
5635	5635
5636	5636
5637	5637
5638	5638
5639	5639
5640	5640
5641	5641
5642	5642
5643	5643
5644	5644
5645	5645
5646	5646
5647	5647
5648	5648
5649	5649
5650	5650
5651	5651
5652	5652
5653	5653
5654	5654
5655	5655
5656	5656
5657	5657
5658	5658
5659	5659
5660	5660
5661	5661
5662	5662
5663	5663
5664	5664
5665	5665
5666	5666
5667	5667
5668	5668
5669	5669
5670	5670
5671	5671
5672	5672
5673	5673
5674	5674
5675	5675
5676	5676
5677	5677
5678	5678
5679	5679
5680	5680
5681	5681
5682	5682
5683	5683
5684	5684
5685	5685
5686	5686
5687	5687
5688	5688
5689	5689
5690	5690
5691	5691
5692	5692
5693	5693
5694	5694
5695	5695
5696	5696
5697	5697
5698	5698
5699	5699
5700	5700
5701	5701
5702	5702
5703	5703
5704	5704
5705	5705
5706	5706
5707	5707
5708	5708
5709	5709
5710	5710
5711	5711
5712	5712
5713	5713
5714	5714
5715	5715
5716	5716
5717	5717
5718	5718
5719	5719
5720	5720
5721	5721
5722	5722
5723	5723
5724	5724
5725	5725
5726	5726
5727	5727
5728	5728
5729	5729
5730	5730
5731	5731
5732	5732
5733	5733
5734	5734
5735	5735
5736	5736
5737	5737
5738	5738
5739	5739
5740	5740
5741	5741
5742	5742
5743	5743
5744	5744
5745	5745
5746	5746
5747	5747
5748	5748
5749	5749
5750	5750
5751	5751
5752	5752
5753	5753
5754	5754
5755	5755
5756	5756
5757	5757
5758	5758
5759	5759
5760	5760
5761	5761
5762	5762
5763	5763
5764	5764
5765	5765
5766	5766
5767	5767
5768	5768
5769	5769
5770	5770
5771	5771
5772	5772
5773	5773
5774	5774
5775	5775
5776	5776
5777	5777
5778	5778
5779	5779
5780	5780
5781	5781
5782	5782
5783	5783
5784	5784
5785	5785
5786	5786
5787	5787
5788	5788
5789	5789
5790	5790
5791	5791
5792	5792
5793	5793
5794	5794
5795	5795
5796	5796
5797	5797
5798	5798
5799	5799
5800	5800
5801	5801
5802	5802
5803	5803
5804	5804
5805	5805
5806	5806
5807	5807
5808	5808
5809	5809
5810	5810
5811	5811
5812	5812
5813	5813
5814	5814
5815	5815
5816	5816
5817	5817
5818	5818
5819	5819
5820	5820
5821	5821
5822	5822
5823	5823
5824	5824
5825	5825
5826	5826
5827	5827
5828	5828
5829	5829
5830	5830
5831	5831
5832	5832
5833	5833
5834	5834
5835	5835
5836	5836
5837	5837
5838	5838
5839	5839
5840	5840
5841	5841
5842	5842
5843	5843
5844	5844
5845	5845
5846	5846
5847	5847
5848	5848
5849	5849
5850	5850
5851	5851
5852	5852
5853	5853
5854	5854
5855	5855
5856	5856
5857	5857
5858	5858
5859	5859
5860	5860
5861	5861
5862	5862
5863	5863
5864	5864
5865	5865
5866	5866
5867	5867
5868	5868
5869	5869
5870	5870
5871	5871
5872	5872
5873	5873
5874	5874
5875	5875
5876	5876
5877	5877
5878	5878
5879	5879
5880	5880
5881	5881
5882	5882
5883	5883
5884	5884
5885	5885
5886	5886
5887	5887
5888	5888
5889	5889
5890	5890
5891	5891
5892	5892
5893	5893
5894	5894
5895	5895
5896	5896
5897	5897
5898	5898
5899	5899
5900	5900
5901	5901
5902	5902
5903	5903
5904	5904
5905	5905
5906	5906
5907	5907
5908	5908
5909	5909
5910	5910
5911	5911
5912	5912
5913	5913
5914	5914
5915	5915
5916	5916
5917	5917
5918	5918
5919	5919
5920	5920
5921	5921
5922	5922
5923	5923
5924	5924
5925	5925
5926	5926
5927	5927
5928	5928
5929	5929
5930	5930
5931	5931
5932	5932
5933	5933
5934	5934
5935	5935
5936	5936
5937	5937
5938	5938
5939	5939
5940	5940
5941	5941
5942	5942
5943	5943
5944	5944
5945	5945
5946	5946
5947	5947
5948	5948
5949	5949
5950	5950
5951	5951
5952	5952
5953	5953
5954	5954
5955	5955
5956	5956
5957	5957
5958	5958
5959	5959
5960	5960
5961	5961
5962	5962
5963	5963
5964	5964
5965	5965
5966	5966
5967	5967
5968	5968
5969	5969
5970	5970
5971	5971
5972	5972
5973	5973
5974	5974
5975	5975
5976	5976
5977	5977
5978	5978
5979	5979
5980	5980
5981	5981
5982	5982
5983	5983
5984	5984
5985	5985
5986	5986
5987	5987
5988	5988
5989	5989
5990	5990
5991	5991
5992	5992
5993	5993
5994	5994
5995	5995
5996	5996
5997	5997
5998	5998
5999	5999
