659	680
1180	826
2019	2020
1935	2140
34	34
193	225
247	247
51	54
342	342
479	479
1777	1793
1194	1196
1367	1368
1396	1394
1870	1874
1345	1099
1168	1624
2119	2121
1124	907
1423	1183
1638	1638
388	388
1120	1120
1428	919
1720	1719
425	267
787	562
1502	1502
500	500
1620	1620
671	672
569	103
205	103
1876	1875
1106	2376
91	103
1837	1839
1770	1782
1469	1468
335	159
1595	1784
775	680
687	685
1975	1976
258	302
1011	1012
1	607
1055	1056
1780	1780
1690	1690
1411	822
562	561
529	529
1585	1585
1549	2109
68	70
517	746
237	420
1391	1390
2067	2067
607	187
1832	2067
194	468
2093	2095
206	7
2382	1404
1103	1104
113	113
15	16
58	179
924	923
50	242
1269	1271
1691	1686
1645	1645
585	584
728	726
375	124
2167	2044
1754	1754
2129	2140
1808	1806
224	194
583	280
974	974
2205	2206
2268	2268
412	316
1154	1623
43	504
205	647
2148	2150
2028	2029
2164	2164
341	355
839	1525
2213	2205
12	727
1433	1433
1301	1302
280	121
534	347
1317	1577
334	63
662	698
339	121
1602	1603
457	370
1562	822
1034	1034
1623	1623
908	906
809	809
1322	1322
1614	1616
109	110
302	209
84	83
1311	1310
1121	921
1406	1405
1282	1282
1284	1042
586	584
134	135
1427	1427
642	365
1184	1184
2114	2114
843	847
33	33
1146	1148
1993	2278
890	887
1741	1647
1042	1284
1306	1306
782	397
416	439
1992	1991
108	323
16	264
1956	2165
986	1136
860	860
1976	1989
2046	1989
2116	2116
397	762
259	366
1330	1330
1576	2357
137	375
1064	1066
1050	1201
1742	1743
2306	2310
1161	1218
1685	1701
1615	1615
891	891
1008	818
979	980
685	686
1065	869
814	1084
1736	1685
1770	906
230	34
2389	2389
45	45
2313	2313
394	397
1121	966
1376	1375
32	32
790	727
1657	1723
2077	2143
2293	1932
981	2064
1470	1470
157	220
231	231
40	42
212	212
1105	1525
1910	1910
1931	1931
2008	2008
1805	1805
1648	1629
355	355
2039	2040
1684	1410
1825	1824
1944	1943
86	85
1037	1036
2157	1931
1877	1875
1023	1256
2366	2384
1183	1691
1207	1207
1124	1124
278	609
888	887
630	657
474	474
2155	2241
110	110
2190	2190
2045	2043
1734	1732
415	439
1337	1422
2145	2124
2087	2054
50	198
1360	1352
522	522
1394	1395
1368	1368
2159	1948
1339	1251
1076	1074
2126	2125
2029	2028
2388	2336
209	258
2094	1978
2317	2317
1247	1247
767	679
1043	2343
478	511
417	415
356	32
1305	1305
460	459
1433	2080
439	415
297	297
375	137
594	594
435	435
2049	1950
1372	1572
1840	1841
1167	1168
95	93
2180	2180
933	933
443	443
2006	2005
1564	1564
597	198
106	315
1688	1643
318	50
20	19
1094	1093
1441	1441
187	607
930	927
1434	1280
1196	1195
1967	1968
404	560
2288	2284
927	929
18	357
1275	931
1137	1138
1078	949
1021	1243
2284	2284
1048	1049
712	711
1977	1975
1071	1069
2251	2251
1657	1779
2208	2210
665	669
2225	2163
2054	2123
287	287
1912	1592
1514	1514
1854	1854
189	62
1733	1689
432	431
1329	1285
695	397
1813	2205
1003	1139
18	535
1955	1955
656	630
2062	1941
1096	1093
31	103
909	910
2160	2074
98	99
1183	1661
1140	1140
2321	2321
2319	2319
1034	1476
1583	1402
2196	2196
2247	2245
779	779
856	901
1760	1783
860	1559
470	466
433	98
2215	1989
2153	2152
1494	1455
137	120
1943	1944
1871	2100
944	943
1233	1233
289	289
2373	2372
234	16
2061	2061
2047	2046
1689	1643
473	473
164	164
2161	2161
52	593
917	917
1239	1071
1661	1661
1711	1697
2246	2247
1380	1380
605	461
1611	1159
1089	1089
1200	880
1505	864
209	87
1813	1813
2326	2363
257	20
1037	958
25	25
136	136
1484	1484
2106	2106
194	86
1161	1161
2054	2100
2397	2398
2154	1549
187	30
89	88
243	182
918	917
1902	1902
434	605
22	23
1812	1811
1993	2006
1287	1286
2011	2011
2262	2241
1633	1633
180	179
1374	1376
2272	2270
2152	1799
1568	1595
1501	1501
1815	2207
189	190
330	364
1847	1846
1735	1734
757	684
2214	2166
2367	2313
86	151
10	10
706	732
186	185
509	509
1411	1412
155	134
1846	1841
1769	1282
1842	1991
100	429
1409	2271
52	54
432	83
1616	1009
2390	2371
1263	1993
2064	1823
2151	2151
2308	2309
1711	1183
244	514
193	194
1113	1113
1653	1779
1273	1254
404	296
248	44
1715	1654
1843	1882
276	244
139	139
332	333
452	452
1023	1023
1926	1860
2156	1941
1153	1154
878	878
1421	1421
1168	1168
1122	1357
1392	1390
2026	2025
899	893
542	130
20	267
2162	2163
1678	805
1070	949
1095	1095
1404	1106
908	905
368	369
1337	1337
1488	1488
340	197
1654	1652
289	270
870	870
1184	1183
725	725
1471	1471
419	512
1865	1864
1078	1078
1138	1137
30	198
1562	1412
1638	1791
1650	1691
1710	1709
1869	1864
318	86
1572	865
2077	1893
1727	908
351	352
1190	1189
1341	1281
16	159
1637	1147
822	1411
1306	1046
1058	1058
1996	1996
1615	1616
669	562
961	961
891	888
902	903
564	564
1978	2094
1257	1023
1371	1493
636	637
1552	1254
2320	2346
2313	2311
505	505
826	1142
1727	1727
2063	2064
822	791
122	73
1352	1360
13	149
1080	1081
1558	1306
226	227
110	304
688	664
1299	914
744	737
110	172
73	72
502	502
2249	2249
914	917
160	160
2093	1864
1728	1725
1	127
2242	1989
125	125
1714	1638
888	890
2085	2084
1149	1150
1716	1781
2043	2045
91	126
1070	1070
388	17
328	339
1308	1260
731	712
475	475
198	30
157	256
710	753
2232	2232
852	857
1409	1409
801	801
438	436
2096	2097
132	106
403	35
605	604
69	336
121	16
1206	1206
1288	1288
1387	1387
1978	1863
398	168
1764	1765
1968	1968
679	678
217	217
62	62
364	330
2211	2211
205	611
339	339
660	660
831	831
1814	1864
906	1770
828	828
221	220
2226	2176
1059	1548
2129	2129
2276	2276
2374	1629
927	925
1263	1264
1525	839
72	264
2278	1993
1729	1894
1125	1126
1071	1072
738	321
670	670
2235	2235
87	0
127	607
2089	2089
418	439
1963	1896
76	50
1608	1608
2397	2397
363	364
689	689
134	444
1034	1015
2214	2235
1685	1736
1515	1517
1701	1628
666	630
1029	1430
1667	1746
137	138
556	556
811	811
1844	1976
1411	1527
499	499
1019	1203
421	421
675	370
845	845
503	503
425	556
266	52
2136	2065
1105	1479
2124	1941
395	214
768	769
873	873
859	858
1641	1640
433	654
2257	2256
2297	2375
411	410
721	395
812	742
2161	2163
336	335
471	472
555	327
1954	1959
2266	2267
835	1146
197	341
897	895
1162	1234
2371	2390
408	107
1465	1466
606	568
1845	2152
714	715
98	434
1037	959
2313	1762
578	365
2324	1749
1090	1091
157	222
2097	2054
1370	1494
616	16
2295	2166
2358	2358
2398	2397
92	95
1300	1300
307	253
46	46
886	885
835	1638
1231	980
1368	1532
296	244
138	626
2011	2009
812	656
149	150
433	467
1473	1473
1654	1715
1000	1000
152	152
707	707
1210	1211
2166	2235
1290	1290
357	35
893	855
1911	1961
997	997
2296	1941
1640	1773
0	144
2077	1905
155	164
485	485
2230	2230
1412	1411
326	326
958	958
230	231
2091	2164
144	157
162	161
1912	1912
2205	2204
1003	1003
915	913
525	525
1657	1690
951	951
269	425
716	716
371	1664
129	129
1050	1048
1699	1702
1969	1969
2122	2073
887	887
1038	814
308	308
217	273
1767	1763
18	475
1122	1098
1443	949
93	92
908	904
680	795
1422	1422
1820	1820
1151	1151
630	393
2087	2100
1183	1650
1776	1735
1131	1129
278	197
993	992
189	175
1639	1639
1329	1329
816	1039
2051	1803
397	782
1634	907
1036	1039
929	926
2209	2210
380	380
37	38
1653	1595
340	45
199	199
1387	2246
159	336
755	755
1649	1650
1069	1071
321	738
559	558
230	409
877	877
1832	1832
2348	1775
574	574
1440	1139
1200	1200
871	871
1809	1974
1942	2248
848	1207
921	1121
1796	909
540	588
2396	2243
910	908
2154	2120
1871	1872
146	146
2036	2036
790	12
1593	1594
251	423
478	13
946	946
2313	2307
1212	1212
2200	2198
981	980
2309	2312
506	507
2045	2167
102	103
1809	1809
253	307
1950	2051
664	665
1677	1638
280	209
1216	1217
1722	1722
1865	1863
420	420
2347	1701
76	198
2065	2136
2259	2258
1136	1135
1806	1806
2109	1549
178	178
2084	2086
157	157
1586	1586
1884	1884
926	926
2071	2071
612	612
385	18
912	912
2073	2079
31	301
2153	1845
424	318
304	304
1753	1753
1950	1950
1231	1231
608	1835
489	38
468	469
1717	1679
1701	1782
862	861
1060	1060
1692	1755
610	610
1661	1183
1432	1368
834	834
2009	2009
777	777
438	438
1885	1883
2158	1931
1307	817
443	269
69	70
416	415
1327	1328
1896	2127
1009	1009
2082	2073
269	443
1989	2133
1746	1746
1910	1934
134	308
650	698
847	842
270	270
2113	2115
1238	1499
2224	2224
365	642
727	728
1899	1899
1333	1331
1059	1059
1086	1038
2033	2033
2080	1433
2075	2280
1926	1926
1405	2004
630	666
1881	2223
1974	1974
1703	1625
116	116
427	134
1539	1538
1152	1153
840	840
1237	957
1684	1782
784	784
1017	1017
1701	1788
526	550
578	641
339	280
1654	1778
409	239
1270	1270
1969	1854
671	574
695	394
2339	2338
1666	1638
313	313
1578	1578
1005	1012
951	1452
1224	1224
85	85
2091	1905
60	60
1500	1501
577	576
239	409
524	86
1433	1280
250	250
189	560
1872	1873
765	765
222	306
1607	1608
1611	1611
2060	2059
814	778
2326	2327
774	774
498	164
2099	2096
1801	1800
2222	2220
1006	1674
1721	1476
1006	1006
1490	1490
558	575
2337	2337
13	511
2124	2126
2162	2225
526	526
2025	2025
2336	2336
914	914
1243	1021
809	1916
108	110
50	599
379	256
2186	2186
2122	2079
465	465
169	170
352	351
610	278
504	485
50	341
1145	1144
103	103
824	826
375	375
1936	1896
2363	2362
1905	2090
379	379
2260	2258
883	882
842	841
486	486
972	1239
1787	1787
124	20
2283	2283
1644	1748
1636	1634
1625	1625
1354	1355
2289	2291
2137	2137
967	968
2246	1942
1724	1661
79	82
69	69
736	759
2090	1905
1395	1396
2318	964
1366	1366
1652	1657
1909	1909
1844	2233
2340	2324
434	433
1412	821
26	270
783	783
11	780
1863	1865
1682	1682
366	367
1893	1799
403	404
2349	2350
1981	1940
20	520
2234	2166
2335	2340
936	936
1340	1098
2129	1935
1418	941
1846	1846
879	879
1355	1355
1693	1693
2147	2247
582	582
1087	1088
36	320
2360	2360
958	959
762	762
129	211
1799	2020
502	7
269	619
348	372
240	410
697	697
938	1276
218	581
205	91
155	420
2400	2400
91	91
1653	1783
1295	1041
62	175
402	21
1415	944
916	914
2283	2288
1050	1050
1570	1570
1723	1661
558	137
2178	1824
1699	1699
134	155
1590	1589
835	1684
908	1665
887	890
182	63
257	188
261	401
1994	1994
1304	1304
2135	2075
209	29
965	1062
674	674
1849	1848
553	293
93	96
2019	2049
2080	2079
1519	1519
2129	1912
190	190
1654	1657
1131	1132
2356	2356
11	790
1573	1573
1349	1348
881	881
1284	1739
740	740
1071	1239
988	851
52	51
232	44
162	121
99	434
1240	1240
264	16
209	336
1687	1686
795	775
2230	1931
969	972
1466	1464
942	943
1697	1711
296	1404
971	970
253	254
763	763
1733	1733
208	87
35	48
1340	1340
2070	2180
281	315
2364	2364
205	358
389	643
575	628
1282	1686
665	712
0	223
71	69
1461	1461
267	267
258	159
360	437
1574	1574
2365	2305
1956	1957
425	327
2048	2048
1199	2320
91	61
893	894
520	20
1464	1466
2151	1845
1132	1130
1220	1220
75	75
301	563
1467	1467
2180	1989
669	668
128	185
1587	1587
2206	2206
1864	2095
2237	2237
1985	1985
210	341
457	457
1162	1163
1365	1366
2092	2093
1060	1061
2119	2154
1164	1163
2385	2387
844	845
2009	2011
575	558
391	451
1516	1517
1056	1055
2168	2043
1747	2326
2198	2200
223	157
198	76
1619	1113
984	1189
2075	1853
1797	1774
604	605
114	208
556	555
782	697
673	672
2054	2097
99	98
2376	1106
2105	1878
1412	1561
2152	2151
1704	1704
1478	1905
1416	1416
2077	2285
838	838
304	316
2354	2354
1039	1084
726	728
906	908
1400	1243
769	768
896	896
1280	1280
404	403
1284	1283
2269	2328
2375	2339
1108	1108
2129	2156
57	52
18	18
632	632
163	277
1347	1348
805	1668
2368	2369
1418	1419
94	96
341	50
1836	1836
450	675
752	794
1789	1789
341	197
1498	1218
1758	1751
233	233
1264	1264
492	509
1170	2296
1872	1869
86	600
1242	1242
1420	1420
1203	1018
441	440
694	711
1685	1770
401	401
1577	1577
219	157
507	506
2027	2027
972	972
1100	1100
1780	1705
2194	2195
1307	1585
1989	1990
1165	1160
734	783
121	121
428	428
301	31
2052	2147
683	683
904	906
2201	2199
630	695
2140	2140
222	159
1035	1035
1783	1654
1318	1318
2000	1999
372	347
1900	1952
460	411
267	425
1261	1262
1623	1153
1059	826
18	246
760	789
2053	1828
1551	982
377	377
508	508
684	683
280	30
512	419
1256	1256
2393	2015
1106	1078
2120	2121
1841	1846
2265	2265
82	337
737	740
86	50
246	245
1322	1429
1243	1400
394	706
1551	1551
664	688
1038	1085
2278	2278
109	624
894	893
835	1689
1444	1444
2086	2086
151	198
481	481
1896	1895
855	894
829	1237
699	699
1870	1870
2077	2078
1480	1480
1616	1614
363	58
36	134
2345	2355
905	910
1188	1188
1628	1139
1340	1357
260	260
240	241
2176	2226
1068	1068
1067	1066
1513	1321
252	251
2095	1814
1598	1590
709	709
1901	2029
2296	1170
2044	2042
1781	1715
1431	1431
817	1307
1075	1076
292	292
1579	1579
11	13
176	101
154	155
96	95
1873	1871
658	658
1047	967
103	236
1479	839
409	549
569	31
954	1250
692	692
1487	829
1627	1626
1939	1940
574	672
729	729
1864	2192
276	292
1026	1027
1494	1370
1927	1928
1294	1294
438	360
711	676
347	348
1910	1893
962	962
1707	1707
2110	2110
495	495
826	826
2290	2289
437	435
244	76
1869	1869
214	63
2380	2393
187	185
799	765
244	326
1173	1227
2287	2288
185	393
1254	1522
1666	1714
1082	1083
1912	1905
1106	2382
2162	1252
1110	1113
400	401
2099	2099
1887	1927
2004	1407
1401	1401
322	322
138	138
892	892
1283	960
1675	904
218	218
225	86
1998	2000
444	103
1419	1419
1038	959
86	579
1085	1085
244	189
6	5
203	202
454	754
2202	2203
676	665
1664	1625
486	504
2066	1832
1559	860
1630	1630
1913	421
1814	2094
222	0
2147	2053
1349	1347
1642	1640
977	977
1874	1871
194	224
4	6
848	849
1163	1444
1813	2192
1334	1331
2012	2012
1906	1906
1991	1842
857	857
1591	1591
1038	1038
2370	2384
1807	2040
2092	2092
1893	2131
2049	2048
2273	2073
86	523
685	685
2067	1832
2109	1592
1506	1508
168	76
1183	1183
251	251
2334	2335
383	119
150	150
66	65
1324	1324
1030	1270
1214	1214
2298	2298
694	665
906	1691
2321	2322
198	278
894	855
1719	1719
711	712
2245	2247
1735	1776
305	146
791	1412
578	283
648	648
1135	1135
2054	2096
2021	2021
1656	1655
1011	1004
30	339
1257	1256
949	1443
2355	2353
1864	2092
1359	1360
1786	1787
1027	1028
587	587
995	995
317	412
1016	1082
367	366
917	914
947	948
544	543
1019	1018
249	239
447	447
2094	1864
955	953
561	561
48	48
256	256
2076	2078
94	92
1297	1221
1938	1938
1273	1272
1042	1042
163	159
1407	1405
665	676
2318	1199
70	68
1629	1627
1725	1728
2157	2157
907	910
721	721
1267	1267
1822	1822
562	787
344	344
103	418
909	1796
441	103
1667	1678
123	392
1141	1140
2063	1823
713	694
2094	1814
109	323
187	128
2224	1881
2160	2160
825	825
206	38
1690	1661
1949	1949
7	199
1048	1048
1686	1629
1845	1847
38	37
96	480
1881	2027
319	319
2068	2069
1752	1645
2316	2319
1476	1720
904	909
1081	1081
1189	1190
100	101
1410	1410
713	713
7	7
175	190
727	790
130	567
1864	1864
1978	1865
540	364
162	16
1321	1513
1952	1803
1297	1296
211	129
2285	2285
2372	2373
1898	1897
31	31
1536	1536
1713	1713
1040	1038
761	649
599	34
1652	1652
663	807
448	448
1752	1752
1930	1930
52	155
1823	981
163	359
2050	2048
1853	2135
1769	1686
1004	1004
422	76
475	18
2181	2242
1404	2376
2124	2145
1057	1058
700	701
706	692
856	856
246	18
752	752
2040	2041
823	823
1726	1727
388	217
976	978
1648	859
627	592
1785	1701
2318	2319
2155	1816
581	764
1684	1689
225	224
998	998
47	47
1958	1958
786	786
186	1
626	626
1796	1796
1937	1937
640	639
175	175
836	836
2387	2387
76	355
1685	1714
340	151
229	229
1427	1657
960	1284
821	791
415	416
17	16
1873	1874
360	360
958	816
54	54
1986	1960
227	545
1063	1063
22	22
719	719
1784	1653
2149	2197
137	124
1385	1189
884	1424
712	665
1508	834
364	540
1010	1011
872	872
746	517
1148	1146
224	224
2335	2333
278	278
1736	1736
2388	2389
1725	908
941	1418
1204	1203
737	743
318	597
1691	1684
2005	2006
19	20
1093	1094
433	436
540	58
2229	2230
1972	1834
362	362
2320	2319
1482	1481
706	697
1601	1601
2182	2182
2269	2351
364	364
970	969
1254	1253
851	988
141	7
595	263
2324	2324
960	959
1456	1457
1405	1407
54	51
2353	2352
1603	1603
2177	2177
1839	1838
2006	2030
2011	2007
2309	2308
1743	1742
321	236
1393	1392
7	1948
2389	2371
1881	1881
1402	1583
1311	1311
808	808
2153	1799
730	731
355	341
1629	1769
445	445
90	90
2134	2135
1641	2281
1036	1038
1835	1834
1340	1122
433	194
2352	2353
1054	1054
956	956
359	162
1979	1979
1088	1087
1449	1450
2206	2204
624	109
2373	2359
2348	2296
1259	1285
835	1753
264	201
1481	1482
1653	1654
436	438
1417	1416
1905	2078
1653	1427
1825	1905
1193	1195
1412	791
902	902
137	235
1403	1402
1446	1446
1661	1652
563	301
2285	1893
702	702
1617	1617
1168	845
150	437
364	16
1906	1982
1183	1184
334	50
394	393
2323	2321
1397	1397
1670	1670
2096	2099
1254	1273
2123	2054
2073	1826
323	108
943	943
24	24
1678	1667
1160	1160
2091	2091
1555	1555
764	766
1339	1238
1618	1617
2048	2050
2046	2046
955	1433
44	249
162	260
175	62
661	661
1770	1691
361	361
1995	1995
620	35
822	821
650	770
1658	1658
1069	1239
1667	805
1778	1427
145	26
1934	1799
2149	2148
846	1634
301	356
30	236
1824	1824
1997	1997
121	73
1921	1922
52	31
1065	1064
227	227
2197	2149
12	11
327	244
1356	1355
1447	2365
2399	2399
1098	1358
2228	2228
2281	2235
235	570
918	913
1148	1385
2131	2131
107	408
172	173
295	461
2074	2160
2037	1800
593	52
1615	1009
69	335
2395	2269
20	138
713	665
179	58
1018	1204
1509	1459
477	477
2082	2082
2100	2099
1181	1182
239	239
2128	1178
1404	296
55	55
2024	2024
996	997
1158	1157
1039	1038
1691	1690
181	181
1782	1782
1094	1094
982	982
1661	1724
957	956
1321	1321
1829	1830
2207	1815
1530	1530
157	144
650	761
969	1239
1991	1992
635	635
847	864
1508	1506
2267	2268
144	222
510	13
638	638
2155	2155
1021	1242
404	48
73	16
103	32
7	377
1705	1780
1887	1888
675	665
2393	2380
584	587
432	123
1563	1564
1113	1619
10	465
904	904
1328	1328
50	522
1324	859
1424	1209
2311	2309
1632	1631
1751	1758
1945	1944
2310	2310
511	510
334	334
866	866
2305	2305
2376	1404
1074	1075
291	289
928	926
1291	1291
297	285
1046	1046
58	364
1025	1026
644	643
1951	1949
218	764
194	434
777	733
346	345
1690	1723
569	205
1595	1568
1297	1297
395	63
795	795
63	395
1626	1629
1841	1841
2125	2124
858	858
159	57
737	738
1800	2037
151	278
401	399
367	259
5	6
512	513
750	1891
1456	1353
1893	1457
211	211
999	1001
461	461
647	205
558	558
795	659
2007	2007
222	223
51	53
2338	2339
1544	1544
2075	2075
159	162
86	193
2335	2335
2357	1576
2083	2085
1745	1953
2119	2119
278	86
396	34
490	207
819	819
358	205
1502	1500
2015	2380
1737	1761
134	437
322	6
2096	2123
1987	1986
1625	1105
312	159
2384	2383
1185	1186
433	210
1525	1479
1172	1172
1409	1947
2010	2008
2350	2350
1433	955
687	686
2033	1800
1046	1558
89	90
1238	1238
668	668
235	558
925	926
601	601
2093	1978
1838	1837
1213	1078
2332	2339
2075	2135
1657	1653
271	30
1040	816
1947	2271
1510	1510
1830	1830
1816	2155
1391	1391
775	776
180	180
713	676
103	475
1658	1657
846	819
2131	1893
692	394
1210	1210
2093	2093
27	26
2007	2010
2150	2148
35	645
1083	1016
1524	1524
1384	1385
657	656
1269	1269
1691	1685
13	13
1429	1429
659	775
2032	2032
827	827
876	877
666	393
1195	1196
835	1735
384	163
1686	1769
1308	1308
397	630
470	470
155	52
2148	2148
1680	1683
791	821
58	363
1332	1333
1427	1715
1201	1050
2361	2362
960	958
1008	1008
264	72
1275	1538
1122	1358
1597	2015
686	685
593	593
79	68
353	352
138	20
2297	2297
72	72
1577	1757
2175	2176
1021	1002
575	137
1129	1131
468	433
1199	2316
1732	1735
1138	1138
270	271
766	764
2205	1813
2061	2101
890	891
1641	1982
1640	1410
634	634
19	248
2190	2217
171	172
2232	1889
2030	1993
1941	2126
1084	1086
633	310
1683	1681
629	630
2324	2350
324	103
497	274
764	799
603	603
1649	1649
1007	1007
144	144
274	274
964	2318
2229	1931
2270	2272
2193	2193
86	197
545	91
1904	1903
436	436
174	174
215	215
1828	1828
1800	1801
1815	1814
124	235
1871	1873
333	333
576	625
1479	1524
959	1038
1069	972
913	917
524	522
692	706
2134	2075
310	633
1959	1987
157	219
2362	2363
971	1072
2340	2335
2346	2368
1557	1529
1863	1978
1163	1162
989	1956
136	445
2210	2208
1451	826
88	89
1003	1120
2170	2170
327	555
2342	2342
467	168
130	131
86	86
1037	1037
2143	2077
276	109
54	477
1023	1257
286	538
2384	2370
35	620
1527	1411
914	1299
1970	1971
888	889
960	1042
377	7
1286	1287
1613	1905
327	326
2276	2053
418	415
1083	1083
1097	1097
1734	1735
732	706
2327	2327
1959	1954
1092	1095
1394	1396
245	245
1956	989
1331	1332
2029	2029
87	532
16	633
2333	2334
2328	2329
1664	552
1989	2046
2307	2310
1681	1680
161	162
2034	2033
266	266
665	735
869	1064
179	588
1187	1318
675	59
1830	2036
1628	1626
770	649
972	1070
1592	1592
1062	965
450	562
960	960
31	205
2015	2015
649	649
1079	1079
1122	1122
1430	1029
1550	1551
106	449
1424	1425
1429	1322
1799	2152
682	682
2392	2379
568	568
1357	1122
1609	1608
2371	2370
168	168
1196	1194
325	325
869	869
1033	1033
877	2077
1137	1137
1779	1783
743	744
712	712
2273	2273
188	257
53	54
137	559
198	198
1066	1065
57	69
533	532
1102	1158
1253	1253
307	306
904	905
922	922
1086	1085
2310	2306
65	66
915	918
2326	2365
2223	2223
1578	1368
62	190
30	187
6	50
2133	2215
859	1648
118	119
2386	1170
392	392
2132	1928
1989	2215
2303	2302
773	774
138	354
985	983
165	165
1648	1771
360	134
305	305
853	853
874	874
2153	2153
249	163
1599	1600
1622	1622
57	114
23	22
1988	1988
1361	1361
944	942
598	100
2103	2103
230	361
2365	1447
1097	1094
411	411
1194	1195
1262	1261
1396	1395
563	564
511	13
1358	1340
1748	1747
1397	2059
526	91
516	150
467	210
1028	1025
2326	2362
1960	1987
1837	1838
1467	1513
591	331
940	1315
989	2165
2054	2099
2340	2351
2315	1227
70	70
139	196
2312	2312
258	303
18	39
1055	1055
1665	1665
1706	1706
918	918
1229	1229
412	412
336	159
306	144
519	130
1287	1287
529	528
1648	1648
308	134
68	71
307	144
274	497
287	170
1893	1896
2042	2045
1197	1198
1004	1010
290	289
591	591
1847	1847
1167	845
1735	1735
2159	2159
270	289
249	396
15	17
390	391
296	296
1869	1873
649	771
694	394
2213	1815
82	82
585	585
1991	1991
728	727
2167	2043
1350	1350
1447	1448
235	137
544	107
739	739
1136	986
920	920
1940	1940
162	162
2205	2207
597	597
1158	1102
1701	1774
172	110
124	570
2028	2028
405	62
642	641
2022	2022
264	325
502	174
560	296
1341	1341
1802	1802
578	578
1153	1153
243	164
116	23
903	902
1392	1393
250	182
536	536
1629	859
2336	2390
908	907
1322	1321
109	109
1572	1572
1189	1385
84	84
213	213
1950	2049
134	136
993	993
2114	2113
2368	2346
643	389
1760	1427
2235	2281
1874	1874
890	888
440	441
1710	1710
16	263
340	50
1139	1440
1268	1268
246	634
87	208
1139	1003
2192	1813
1190	1190
1138	1638
232	248
130	519
261	491
1064	1067
1942	2246
531	531
1742	1742
2306	2309
1615	1614
188	20
891	890
190	62
52	257
636	636
1166	1166
2389	2390
32	31
140	138
228	229
981	2063
2045	2168
307	222
1773	1701
1352	1359
1880	2027
40	41
49	86
488	169
2348	257
1163	1165
2008	2007
552	1664
702	1463
1293	1294
1382	1807
857	847
133	133
1638	1795
797	812
2039	2041
1825	1823
334	454
914	918
877	1893
1877	1876
1781	1654
1249	1047
1258	1258
1728	1728
1778	1779
278	610
1629	1637
2085	2085
314	314
841	841
1178	1178
1867	1867
630	656
93	480
1105	1381
623	623
468	468
1239	1239
2045	2044
1927	2132
2216	2216
429	346
1	187
1076	1075
2126	2126
570	86
348	348
1594	1594
1429	499
2317	2316
2307	2306
1227	1173
1792	1792
417	416
1305	1304
1526	1031
1433	2079
2069	2068
1106	1404
2056	2056
772	772
1281	1341
1589	1507
536	58
2031	2030
1840	1842
1621	1620
1167	1167
95	92
2180	2181
1271	1270
527	527
1230	1230
763	782
1441	1442
930	928
369	369
30	328
134	36
927	928
2364	1419
1684	1643
1767	1701
983	985
1048	1050
131	130
1237	956
1054	860
535	287
588	588
1907	1907
1977	1977
1071	1068
96	483
119	119
1715	1715
1323	1323
2235	2234
1971	1970
598	598
1182	1182
376	377
1509	1343
1552	1273
955	952
2115	2113
835	1776
1221	1297
2160	2075
1918	1896
1199	1199
747	746
2010	2009
1130	1130
1140	1141
1538	1539
261	261
1082	1016
861	861
1771	1771
2319	2318
2212	2211
2247	2246
1771	1637
826	1180
1312	1312
337	337
2183	2183
2323	2322
2140	1912
433	99
2234	2214
1992	1842
1943	1945
1098	1340
628	628
2351	2340
2192	2016
2139	2139
1383	1946
1491	1491
473	472
1211	1210
1424	884
338	19
394	185
2161	2162
917	916
340	86
1864	1814
50	600
1488	1320
273	273
1763	1763
2158	2158
2266	2268
1368	1578
1390	1393
2179	1823
2118	2118
679	762
1930	2158
552	371
792	699
1690	1770
29	413
136	135
220	219
227	91
1595	1653
1161	1160
236	198
2104	2103
2398	2398
1323	207
1278	1278
92	92
208	114
2371	2336
2213	2192
839	1105
1775	1688
793	793
1439	1439
2377	2377
49	137
619	269
1859	1859
271	26
1041	1295
107	544
144	306
1169	871
1896	1936
1912	1941
1658	1652
692	397
1750	2324
1832	2066
872	1221
2171	2172
656	657
191	191
10	9
800	728
665	370
1828	2276
1147	1637
1686	1688
1562	1527
537	146
2151	2152
2308	2308
120	6
18	320
969	969
331	331
1259	1259
497	54
1627	1770
749	749
1976	2291
1650	1649
570	600
87	47
332	334
1023	1024
1358	1357
174	502
1746	1496
278	318
1421	1422
363	331
39	18
44	232
757	757
389	389
1695	1695
1095	1094
93	95
1671	1671
132	132
1625	371
2187	2185
1554	1555
50	120
384	384
586	587
1471	1472
217	374
620	620
816	1036
1078	1079
550	550
2379	2379
2125	2145
53	7
740	737
1691	1661
2191	2185
163	69
1910	2098
146	305
418	103
351	353
299	299
1205	1205
1629	1648
2247	1942
357	216
1455	1434
1759	1741
206	206
2316	964
1637	1146
1215	1022
452	130
1231	2377
2102	2101
806	807
1058	1059
1701	1770
891	887
21	402
2073	2143
1675	907
790	11
680	659
2248	2247
2313	2312
2296	2348
1989	2033
59	665
2088	2088
478	478
102	102
607	607
2192	2194
176	176
1138	1760
560	244
226	226
950	951
1299	915
404	244
893	898
987	987
191	131
1896	1918
76	422
91	205
1407	2002
1807	2109
1667	1667
2236	2236
1377	1378
1317	1757
125	126
2287	2284
2125	1941
1643	1689
1872	2100
1070	1071
388	18
110	30
8	557
498	498
2252	2255
680	776
1417	1417
9	9
1532	1532
603	10
548	548
799	799
651	147
1662	1662
2345	2345
2232	2231
1342	1363
683	709
438	437
2092	1978
2343	1043
1189	984
1399	1254
605	605
241	241
1631	1630
849	980
1364	1364
202	202
1968	1967
1411	791
16	17
679	679
673	1703
1771	1648
217	216
95	96
144	0
466	466
1803	1900
566	566
2226	2175
587	584
2386	2385
1539	1539
327	339
1152	1154
1779	1779
1487	1487
2235	2236
2109	1807
1583	1583
1619	1619
2027	1880
1099	1099
1517	1517
689	690
1096	1094
665	450
909	907
2214	2236
1335	1335
964	1199
1515	1516
636	209
343	343
328	280
1468	1468
2134	2280
2346	2346
2010	2011
137	137
2154	2110
1851	1851
182	250
2122	2122
1637	835
1019	1204
860	1054
103	205
1496	1746
1648	1637
2317	964
2014	1915
654	654
1486	1486
1960	1828
607	127
2392	2392
316	316
1463	702
2339	2332
1062	1062
1522	1399
859	859
628	137
1352	1328
336	336
1762	2313
1775	2348
471	471
1406	2004
819	846
1432	1389
1954	1960
897	896
2110	2154
1687	1643
979	849
1792	1654
588	179
522	242
1845	2153
186	30
545	126
1460	1461
2363	2363
1883	1883
2000	2000
919	919
2095	2092
1623	1154
107	107
92	96
216	357
157	0
239	232
103	569
805	1766
1038	816
39	39
1395	1395
217	17
613	198
16	536
149	149
422	168
1654	1716
2166	2166
1000	1001
49	50
2093	2092
1726	908
1740	1740
1306	1228
1779	1654
1896	1896
2063	981
1779	1427
50	226
1669	1670
1640	1774
1422	1337
2236	2166
1701	1701
1106	1712
115	115
485	486
1982	1982
1714	1666
326	327
2318	2320
1534	1534
230	230
2301	2346
240	411
76	75
766	581
257	257
193	193
1823	2063
1357	1358
934	934
144	425
36	628
335	336
2231	1889
716	717
1941	2062
248	19
1685	1708
2283	2287
1302	1302
504	43
2256	2256
1258	1023
1107	1107
1234	1234
1590	1590
390	622
880	880
96	96
887	888
334	397
315	281
973	973
1735	1684
1422	1421
2384	2366
431	83
2087	2099
210	468
1794	1781
278	198
1131	1131
1526	1526
2291	2291
427	444
1547	1547
277	277
725	728
370	198
816	1040
2388	2388
1124	1634
182	243
639	639
929	929
2209	2209
209	208
37	37
1336	1335
1315	940
2172	2171
1828	2053
697	706
1571	1539
1766	1667
1069	1070
321	737
2195	2192
2125	652
637	209
1170	2385
1445	1446
1757	1757
971	971
910	910
18	216
124	6
2154	2121
1871	1869
146	145
1399	1522
1338	1422
908	1662
1285	1285
1267	1308
2313	2308
1212	1211
686	686
889	888
2370	2370
217	121
483	96
555	425
2054	2130
2293	2292
1282	1279
1826	1800
2340	2340
1072	1239
518	38
292	327
1216	1216
130	452
2135	1853
1012	1012
676	711
1799	2098
1717	1717
1669	2356
1293	1484
2236	2234
444	481
413	583
1652	1661
178	179
117	117
1183	1690
2084	2085
1093	1097
667	666
237	237
1884	1883
926	927
1778	1783
2163	2225
2331	2332
1864	2093
1916	1917
834	1508
2100	2054
2073	2080
16	162
2043	2042
1950	1951
1643	1688
201	616
608	1834
2205	2213
714	729
1045	1045
457	458
921	921
855	855
971	969
1164	1165
1039	959
513	512
2188	2188
121	339
814	1038
1885	1884
235	235
1056	1056
1869	2094
18	339
431	431
579	579
1818	1818
254	600
628	36
1219	1219
188	188
227	126
1455	1494
1002	1021
981	2121
952	953
916	916
906	1690
414	414
128	1
604	604
984	1385
804	803
727	727
2235	2214
1059	1058
1776	1684
2363	2326
557	8
1893	1910
711	694
1282	1629
847	860
263	595
395	395
906	910
1869	1814
1017	1016
2217	2189
1203	1204
1691	1643
528	528
2112	2112
239	249
1270	1269
1559	1559
1174	1173
600	599
605	434
179	180
128	128
436	134
1122	1340
677	677
1647	1647
1972	1972
2339	2339
631	631
1098	1122
1005	1011
2214	2234
542	567
1500	1500
2185	2185
1864	1869
397	397
598	429
765	766
374	121
2017	2017
441	441
109	172
59	675
222	307
1049	1050
1611	1612
465	68
2271	1719
2092	2204
1667	1677
2179	2178
1807	1382
2222	2221
2106	1878
434	468
754	454
2015	2393
601	557
1647	1741
2337	2338
491	491
1960	1960
509	492
1774	1640
2378	1519
67	67
2025	2026
1691	1183
1887	1887
914	915
59	370
221	157
2186	2185
2246	2245
1250	1245
1465	1465
1864	1978
1827	1827
1153	1623
504	486
86	224
151	341
1654	1792
2095	2093
1090	1090
157	221
1	1
1261	1261
1360	1359
2260	2259
486	485
833	1508
2098	1910
684	684
2289	2290
1144	1144
1793	1793
2137	2136
1793	1777
69	68
68	79
2016	2205
1900	1900
331	591
1094	1097
1109	1109
23	23
2359	2359
1645	1752
1402	1402
1863	1864
1682	1681
894	894
688	690
1199	964
1960	1954
47	138
1846	1845
349	349
1685	1643
514	514
1355	1354
556	425
155	155
1087	1087
622	391
1342	1342
1799	2019
1067	1065
1256	1023
91	550
1598	1589
421	1913
970	972
594	134
1589	1590
50	50
675	675
978	978
916	915
1176	1175
2178	1823
96	92
887	891
1634	846
1304	1305
2	7
734	734
1221	1312
1657	1652
1849	1849
1822	1868
1627	1629
2019	2050
1117	1117
345	345
864	1505
1613	1437
190	189
173	172
582	602
1133	1712
1026	1028
1280	1434
2221	2222
1856	1857
1823	1825
847	847
882	882
1208	1208
929	925
1157	1158
980	1231
280	280
590	590
380	381
1204	1204
2204	2092
812	797
710	710
1440	1440
2336	2370
30	36
1657	1427
1147	1147
948	947
99	433
2137	2065
1527	1527
969	971
1482	1482
1579	1473
1466	1465
884	884
942	942
1419	961
2004	1406
42	42
776	775
253	253
292	276
1733	1734
146	148
2070	2181
2269	2269
859	1629
1292	1160
209	280
76	10
903	903
1666	1666
1371	1371
889	891
1839	1837
665	711
1671	1669
833	834
1546	1546
6	6
1105	839
1918	1918
506	506
715	715
659	795
1276	1276
2202	2202
198	597
71	68
429	429
1575	1575
360	436
2192	2205
665	59
2244	2244
643	644
893	893
815	2313
645	35
1848	1849
201	16
1136	1136
341	86
44	44
2255	2252
30	30
698	650
2205	2016
16	540
86	318
1504	1504
669	665
570	124
1348	1348
2206	2205
1043	1043
489	489
1905	1799
1363	1342
1613	2077
982	1551
625	576
2301	2320
1524	1479
52	538
706	706
1162	1160
470	376
775	795
1164	1162
2385	2386
328	121
2049	2050
307	8
844	844
1978	2092
1061	1443
2070	2033
1115	980
2271	1409
514	244
1175	1176
49	194
234	234
1794	1794
2168	2044
2317	2320
103	155
1357	1340
1700	1628
2198	2199
1986	1987
163	163
1604	1604
496	396
654	436
908	1183
1116	1116
1705	1705
1438	1438
1941	2296
898	893
2135	2135
2245	2248
1299	916
1642	1633
847	843
1757	1317
1852	1852
21	21
736	736
207	207
135	135
472	471
1720	1476
1257	1257
2271	2271
735	780
2390	2389
1027	1027
2354	2353
1055	1033
995	994
26	27
336	69
896	895
197	86
549	409
1108	1107
1891	750
100	598
2101	2061
105	105
230	588
2181	2181
1875	1875
1378	1377
2199	2198
1836	1837
980	980
223	144
1789	1788
17	388
341	198
103	301
448	852
1748	1644
120	137
1872	1872
2291	1976
1024	1024
1326	1326
1285	1259
1158	1158
148	147
1562	1561
1607	1607
794	794
704	704
2326	2326
759	736
2064	2064
71	71
548	484
1221	872
507	507
1430	1430
2381	2381
1585	817
972	971
150	516
2015	1780
1383	1383
235	124
1597	1596
420	237
38	38
1017	1083
298	298
1308	1267
2243	2396
469	194
961	1419
2076	1905
2176	2175
335	209
1905	1905
1894	1729
2316	2316
301	32
1232	1232
143	143
182	155
1399	1400
744	835
1049	1201
224	410
196	196
219	28
644	644
852	847
791	757
2121	2154
1041	1041
1223	1226
2120	2119
2265	2264
2079	2079
399	400
2194	2192
1842	1840
1472	1472
1776	1689
516	516
2030	2030
1652	1654
2207	2205
433	469
1600	1600
210	434
2049	2019
709	661
843	841
2335	2324
28	219
2016	1864
1444	1443
2086	2085
151	197
1782	1691
1220	989
1211	1211
1476	1476
1726	1726
2341	2341
1870	1869
1685	1656
2077	2077
2219	2219
137	49
1905	1912
2078	2082
2036	1830
1068	1069
1390	1392
1513	1322
2308	2312
935	1290
1901	2028
407	407
1987	1987
1896	655
138	87
244	244
2347	2347
466	470
2302	2302
1781	1716
797	742
1431	1432
1075	1075
1438	1553
1694	1693
1427	1654
744	951
11	12
177	177
415	418
17	17
783	767
1873	1872
658	659
540	540
1318	1187
2286	2285
1410	1640
697	782
692	693
2280	2134
444	444
738	738
2355	2345
1654	1653
2322	2322
1658	1653
1575	930
2197	2196
341	403
1815	2213
990	990
1179	1179
1799	1799
1316	1316
27	27
2241	2262
1404	2382
2090	2091
339	36
712	730
2290	2290
1287	1335
390	390
437	437
1634	1634
2145	2145
1869	1870
74	357
341	340
1896	1963
187	186
771	770
1072	1072
1093	1093
2287	2287
185	394
74	169
2320	2316
908	1725
2019	1799
1338	1337
488	488
2035	2035
2305	2327
849	2382
1773	1640
449	449
1650	1650
1254	1254
1983	1983
2164	2158
696	696
2135	2280
364	536
2020	2020
932	935
1009	1615
1906	1825
994	997
1079	864
1889	1889
1668	1668
389	644
864	1079
366	259
7	53
2309	2309
1085	1086
2369	2346
439	269
1222	1222
1743	1743
360	438
2348	815
2395	2395
2394	2394
1132	1338
1814	2095
1343	1509
1642	1641
1005	1010
2160	2134
268	431
1874	1872
210	194
867	867
695	695
2054	2087
1976	1976
1088	1088
1498	1161
1183	1711
848	848
1437	1437
280	583
1493	1371
1334	1332
1113	1110
1481	1481
1038	1037
91	134
1653	1652
2102	2102
1807	2039
762	679
1637	1629
1899	1803
86	524
424	204
263	234
1506	1506
1768	1768
251	252
2094	2094
1095	1097
480	93
1828	1960
2121	2119
2177	2226
219	220
205	443
50	124
234	263
1030	1269
2298	2299
448	847
1618	1618
1568	1568
1719	1720
711	711
791	1411
32	103
59	501
541	541
2143	2073
1783	1779
45	340
1011	1005
18	97
1014	1013
2355	2354
208	208
2375	2332
1642	1773
630	630
1359	1359
1786	1786
764	581
995	996
1698	1698
726	725
16	73
158	158
1929	1929
549	239
1016	1083
1921	1921
1924	1924
1842	1992
917	913
1065	1067
1019	1019
1640	1640
1654	1781
703	703
12	12
2009	2007
2390	2336
361	230
91	545
918	914
120	50
561	562
48	47
1681	1681
94	93
359	636
1938	1937
1407	1406
1535	1535
2185	2191
70	69
2322	2321
1629	1626
1725	1725
2100	2100
1486	1118
575	575
1105	1078
681	681
652	652
397	394
69	222
907	908
1267	1268
996	994
77	498
562	786
641	642
1213	1255
1925	1925
122	122
387	387
1432	1432
2248	2147
1368	1432
467	467
698	662
59	59
1289	1288
551	551
1508	1508
2267	2267
357	18
1834	608
1052	1052
789	760
1880	1880
1989	1989
220	221
1637	1648
1993	1993
1165	1164
7	376
302	303
2144	2144
584	586
1691	1637
748	748
2068	2068
2380	2380
2186	2191
1476	1721
904	908
1644	1645
1189	1189
713	712
48	35
2311	2306
420	31
114	87
1632	1630
1249	1423
1945	1945
1665	908
744	743
148	26
1898	2283
423	251
376	470
1018	1019
1288	1436
1677	1667
1864	1865
1978	1864
50	355
34	409
1442	1442
1626	1626
454	334
79	78
31	32
1040	1037
1283	1042
663	806
1525	1524
512	512
1739	1739
276	275
1853	2134
986	986
2004	2004
880	1200
1004	1005
436	654
576	576
1811	1811
1057	1057
159	160
781	781
856	855
2040	2040
434	194
1812	1810
1396	1396
1784	1595
396	249
1323	1321
2345	2352
2147	2245
905	907
2072	2072
185	185
1068	1072
2318	2316
1028	1009
285	284
1048	1202
134	435
47	48
786	787
331	363
1937	1938
2387	2386
2044	2045
731	730
1684	835
676	677
727	766
2091	2073
627	627
2163	2163
101	101
2002	2004
2383	2366
415	417
270	26
259	259
925	925
1986	1959
1765	1765
1657	1657
1826	2073
1689	1735
48	404
391	389
163	238
818	935
1366	1365
2042	2044
1501	1502
2163	1252
803	804
1435	1435
1948	2159
327	292
315	314
1251	1251
949	949
767	767
737	744
1204	1018
1931	2229
82	79
19	21
799	764
1072	1069
2152	1845
2020	2061
2229	2229
2320	2320
1598	1591
795	776
2111	2111
295	295
2252	2252
1171	1171
966	1121
1680	1682
570	599
1980	1980
58	540
1723	1657
1662	908
1009	1616
36	327
863	863
116	22
1275	1539
1456	1456
2353	2353
1419	1418
1603	1602
2177	2176
353	353
2011	2008
294	21
845	1167
5	120
1393	1393
1881	1880
1241	1241
895	895
787	668
2130	2130
327	30
1129	1129
864	857
730	730
646	646
2139	2103
1732	1734
358	647
1036	1037
1638	1138
147	148
1561	1562
1868	1822
50	151
1806	1808
426	426
2305	2365
1783	1778
1791	1633
852	448
442	443
530	530
318	278
624	110
1111	1112
1542	1542
2057	2057
114	113
1306	1558
734	767
44	315
268	269
490	490
194	49
560	404
1772	1795
1193	1196
1459	1509
1815	1813
2040	1807
1238	1339
2078	2076
1273	1552
1745	1745
250	103
1385	984
1625	1381
1811	1810
951	1427
2095	1864
2329	2269
1281	1378
1905	1613
1628	1700
1774	1773
323	109
943	944
2235	2166
2293	2293
745	745
898	898
2164	2282
1160	1161
1159	1612
355	76
764	765
440	103
269	439
1772	1678
1799	1825
2046	2047
2061	1799
2253	2253
410	411
989	1220
209	413
44	248
570	375
339	328
1770	1690
1518	1518
1333	1334
276	110
1558	1558
1877	1877
1444	949
1154	1152
1999	2000
1434	1433
1780	2380
1423	1249
97	18
981	849
26	271
1687	1688
1596	1596
1824	2179
1566	1566
2383	2383
1777	1777
2045	2045
1494	1494
2165	1956
1824	1823
14	120
1685	1685
68	68
1688	1688
2123	2123
103	250
1654	1779
1092	1096
448	857
1356	1354
2074	2074
2228	2227
875	875
468	210
87	533
647	647
1148	1386
1987	1959
3	2
1755	1692
2092	1869
1031	1031
913	915
2307	2307
1272	1272
1912	1896
161	161
1670	1671
1070	972
1437	1613
478	510
2052	2276
1206	1207
1625	1703
20	137
109	276
278	50
770	650
58	536
76	514
187	1
972	1069
242	522
239	238
996	996
18	287
10	68
949	1404
1375	1376
1049	1048
609	610
2002	1407
1039	1039
1691	1691
1415	1415
1094	1095
957	957
1321	1322
562	450
1379	1379
2258	2258
762	397
742	656
1507	1507
225	193
249	249
2217	2217
340	341
393	630
299	111
1072	972
2098	2098
2093	1814
1150	1150
1066	1066
123	123
957	1237
2382	849
533	533
2314	2314
1860	1860
741	741
364	58
1328	1327
2394	2269
2311	2310
285	297
1993	2279
645	645
2310	2309
7	3
915	917
342	494
425	144
1690	1627
1905	2091
1074	1076
928	927
2003	1405
992	993
1216	1521
2391	296
1763	1701
1778	1653
36	35
216	374
1025	1025
410	224
218	765
2247	2248
1119	1119
1051	1051
255	255
1716	1716
2316	1199
1917	1917
1223	1223
340	278
545	227
1841	1840
30	121
275	276
124	137
401	400
850	858
5	5
1309	1309
2179	2179
1893	1456
1772	1708
999	1000
937	937
927	930
558	559
1084	1038
2007	2008
1789	1701
51	52
2075	2074
144	57
1934	1910
668	561
2083	2086
111	299
1381	1105
563	563
1627	1691
315	106
1691	1627
2329	2328
1748	1748
1672	1675
469	468
1502	1501
2215	2216
1170	1170
1655	1656
2220	2220
511	478
577	625
2133	2216
1701	1763
8	8
1255	1078
2163	2161
2010	2007
2312	2307
536	16
668	669
925	929
1838	1838
10	76
381	381
259	57
2075	2134
1721	1719
1823	2178
1391	1392
1225	1224
1386	1148
1201	1202
413	209
194	467
1197	1197
263	121
290	290
2165	2165
2150	2150
2007	2009
1735	1732
186	187
941	1419
657	657
1443	1061
1886	1886
1269	1270
13	12
446	10
1701	1691
2281	2281
327	144
370	457
728	728
2167	2042
2073	2073
1808	1807
374	216
1195	1193
1735	1689
1931	2157
1905	1592
172	109
1686	1282
1552	1552
527	91
197	50
2277	2278
35	36
839	1524
1201	1049
236	30
32	301
2361	2363
705	718
1531	1530
536	227
2052	2053
434	210
1761	1761
2367	2367
1444	1163
908	910
849	848
72	73
1814	1813
2175	2175
1406	1407
1678	1708
609	278
510	511
134	134
1046	1306
1474	1474
1129	1132
1001	1001
1920	1920
468	434
1199	2319
697	763
2164	2091
126	227
672	672
2352	2352
1042	960
1453	1453
775	659
1118	1486
1084	1084
1246	1246
1683	1682
1744	1744
1239	972
2216	2133
1553	1438
177	235
141	141
356	301
830	831
1236	1236
1004	1011
709	683
2003	2002
144	143
2180	2242
1589	796
964	2319
1170	2386
1327	1352
2296	2062
1653	1657
16	121
2279	1993
1895	2131
86	198
2051	2051
1904	1904
364	363
436	437
72	16
1701	1785
1064	1064
2205	2192
1942	2245
2306	2308
2041	2039
2189	2189
220	28
1691	1770
736	700
1436	1288
1932	1932
333	332
814	1085
785	785
959	1037
567	542
1376	1376
913	916
1821	1821
690	690
2248	1942
570	570
197	197
219	221
2362	2362
2143	2143
1160	1164
2346	2369
1696	1696
1712	1133
1760	1138
2173	2173
1163	1164
1029	1029
847	448
2210	2209
1708	1772
1690	1650
1946	1383
2059	2059
1227	1227
679	706
2342	2341
732	397
555	556
1685	1782
1944	1945
1037	1038
2157	1930
1783	1783
197	151
1023	1258
309	308
1749	1750
861	1177
1183	1692
1207	1206
204	424
1286	1286
2390	2390
2393	1780
146	537
2301	2300
2276	2052
418	416
1083	1082
2284	2287
1734	1734
1662	1666
782	782
1092	1092
1368	1367
245	246
1700	1700
1076	1076
1331	1331
499	495
998	1235
1345	1344
901	856
2317	2319
83	84
2199	2201
50	334
325	16
869	1065
417	417
78	79
1893	877
237	31
2069	2069
1714	1753
1018	1203
1218	1218
1628	1627
323	434
907	1124
972	1072
1173	1174
570	235
1577	1317
1456	1893
145	148
1389	1458
1774	1701
103	212
776	659
955	1280
1079	1078
1689	1776
331	58
1799	2151
1801	1801
1315	1315
2174	2174
413	29
1605	1604
930	925
2340	2315
354	354
30	327
398	398
1558	1046
1196	1193
814	814
617	618
502	518
743	743
712	713
2127	1893
2147	2147
255	79
53	53
1891	1891
1265	1265
2208	2208
248	76
665	665
137	558
1689	835
1952	1952
2098	1799
953	952
198	197
1955	1889
2382	2382
2316	2320
1714	1677
435	360
307	307
2250	2249
438	134
365	578
1047	1249
248	232
1689	1689
246	194
782	763
2132	1927
1040	959
1	30
747	747
375	235
1367	929
124	50
652	2125
773	773
2138	2182
2319	2317
1010	1010
2166	2214
2212	2212
278	340
980	1115
614	615
941	941
518	518
2233	1844
134	360
1106	1133
602	582
1321	1323
41	40
2272	2272
602	601
498	77
289	291
2337	2339
1245	1245
36	554
543	543
243	243
222	222
2338	2338
2334	2333
1919	1919
1097	1095
473	471
1637	1771
1194	1194
1262	1262
1367	1367
1870	1873
1803	1952
1239	1069
1690	906
809	1917
1570	1531
2066	2067
1499	1499
1720	1721
1862	1862
1397	2060
762	767
1672	1672
336	209
977	1236
2161	1252
1028	1026
1876	1877
1015	1015
1314	1314
1813	1815
2326	2361
1826	1989
220	220
249	44
770	771
86	410
70	71
269	268
1975	1977
2312	2311
923	923
1799	1845
144	556
456	177
1229	1230
134	427
29	280
857	448
144	307
2357	2170
1783	1760
54	497
760	739
14	14
775	775
2178	2179
1374	1375
518	7
467	433
2131	1896
1815	2205
2133	1989
2270	1453
1774	1797
2007	2011
434	99
168	422
209	359
1167	844
826	824
113	114
722	723
2123	2099
52	52
283	365
1750	1749
2191	2191
585	586
236	103
1357	1098
1053	1053
1346	1346
557	557
112	112
1447	1447
120	5
1976	1844
1344	1345
283	283
1913	1913
1701	1773
223	74
1893	2127
978	976
1332	1334
1802	1801
1153	1152
878	879
1301	1301
1270	1030
2127	2131
1255	1255
501	59
347	534
2336	2389
1823	2179
30	105
109	108
527	31
210	469
816	1037
949	1078
1146	1146
1134	1134
2275	1183
1005	1005
1576	1576
1896	1910
440	440
2097	2123
1669	1671
1268	1267
37	580
2295	2295
821	821
1281	1281
675	457
80	21
1917	809
1853	2280
1591	1589
877	876
238	238
1788	1788
103	134
1495	1007
2023	2023
1050	1202
209	159
2306	2312
891	889
685	687
1756	1756
303	302
281	314
2053	2276
238	91
1932	2293
397	732
605	295
664	735
1322	1323
272	272
1470	1472
216	216
1138	1427
2117	2117
40	40
1931	1930
32	356
636	359
1434	955
1202	1201
532	533
1186	1186
1825	1825
1912	2140
1407	2003
581	581
216	18
975	975
1258	1257
667	667
128	187
2085	2086
2320	2301
841	842
1149	1149
120	120
600	50
605	323
374	374
1015	1034
388	15
110	108
312	312
2151	1799
286	286
23	116
742	812
513	513
36	30
1654	1783
194	639
850	850
1495	1495
1673	1673
1893	1831
1337	1132
1594	1593
495	463
422	422
2307	2313
2203	2202
1737	1685
416	418
523	522
2128	2128
1073	1073
417	418
430	430
1631	1631
50	6
1807	1806
1729	1729
439	417
849	979
163	384
956	1237
663	663
2082	2078
2008	2011
435	436
549	549
1764	1764
1895	1896
1621	1621
145	145
95	95
804	804
1271	1269
1230	1229
1343	1343
1942	1942
264	264
1769	1769
930	929
369	368
580	37
1044	1044
2073	2090
560	189
16	616
927	927
217	388
1086	814
38	343
1137	1139
1581	1581
1580	1580
1907	1908
1071	1071
119	118
1715	1716
149	13
1667	1766
496	496
376	376
1711	1711
1102	1157
222	114
469	434
1450	1450
263	16
765	799
2166	2295
2115	2114
909	909
204	204
1836	1838
1410	1684
1515	1515
1948	1948
2010	2010
1130	1129
134	91
1218	1498
1538	1538
327	36
1637	859
2001	2001
189	244
1082	1017
1916	809
1312	1221
2271	1947
1370	1370
2183	2184
537	537
2073	2273
1335	1287
1372	865
302	258
2016	2213
562	669
1400	1399
1592	1905
2047	1989
700	736
2222	2222
434	469
2134	2160
34	50
193	224
1641	1642
2257	2257
522	86
2274	2274
1826	2035
1908	1909
1843	1843
1239	1072
239	549
337	82
1800	1919
1183	2275
656	742
1714	1685
1112	1111
897	897
2201	2201
2179	1824
2118	2117
567	567
1200	881
1960	1986
435	134
1460	1460
1837	1837
2294	1317
596	596
92	93
2044	2168
2312	2313
2147	1828
222	57
1285	1267
1269	1030
1684	1735
156	156
107	543
1310	1311
1612	1612
1634	1124
600	570
373	373
256	379
2107	2107
540	536
1275	1275
350	350
483	483
2151	2153
2308	2307
2204	2204
110	276
1139	1628
1684	1684
1234	1162
331	330
621	621
974	973
2268	2266
2141	2141
1829	1990
1976	2290
256	157
1358	1358
43	43
1176	1176
1714	1714
1708	1678
1392	1392
110	624
885	885
389	390
2320	1199
1095	1093
93	94
1422	1420
1337	1338
1769	1629
2187	2186
1508	833
1102	1102
1730	1730
1776	1733
586	586
2192	2213
356	250
170	170
739	760
2313	2367
550	91
725	727
73	122
737	319
767	762
1718	1718
649	770
2191	2186
299	298
433	433
766	12
1177	861
69	163
2333	2333
826	1451
871	872
2305	2326
806	806
1553	1553
1959	1959
2155	2051
531	530
20	124
392	123
1114	1114
1978	2093
932	932
77	77
1266	1266
1802	1800
2248	2248
994	994
198	398
1666	1662
167	167
1989	2032
2355	2170
31	52
481	541
483	95
291	313
1520	1520
1272	1565
2192	2195
501	501
1905	1825
1940	1981
2062	2296
2243	2243
2037	2037
1422	1132
2259	2260
170	287
223	222
2236	2235
2226	2226
1791	1638
178	180
1381	1380
485	504
2359	2372
7	2159
10	603
1612	1159
1894	1894
2043	2043
1179	823
1989	2070
364	227
1979	1921
205	569
1070	1068
2190	2189
6	124
522	50
9	10
862	862
746	747
7	518
57	222
834	833
449	106
31	420
10	446
2374	2374
438	435
1347	1347
1276	938
1854	1969
413	280
2168	2045
476	475
2307	2311
416	417
2070	1989
50	318
304	110
147	651
1989	1976
776	795
241	240
185	1
1009	1028
1678	1677
439	418
292	262
87	87
2244	2241
2008	2009
435	438
1771	1784
1091	1090
1443	1443
371	371
1104	1104
2245	2246
1905	1988
16	16
1703	1703
194	210
365	641
144	327
1059	1057
1803	1901
566	565
1320	1488
1893	2077
1156	1156
2374	1627
1405	2002
2354	2352
1263	1263
2235	2295
991	991
983	983
2386	2386
1766	1766
2055	1241
906	907
1255	1213
1032	1032
185	128
521	521
1203	1203
1270	1271
1723	1724
970	1239
179	179
1436	1436
2027	1881
1517	1516
730	793
1608	1609
444	134
1209	1209
1317	2294
323	605
1569	955
1096	1095
909	906
674	707
86	570
2184	2184
1935	1935
1770	1685
1468	1469
577	577
1810	1810
405	405
1130	1132
58	330
146	183
121	280
1851	1852
2016	2016
806	663
835	1635
1297	1312
2286	1893
148	145
1049	1049
317	317
606	606
964	964
1791	1791
1657	1658
30	134
2080	2073
651	651
38	206
2053	2052
1021	1021
1478	1478
729	715
316	317
82	648
1012	1005
1123	1123
198	341
8	307
1363	1363
2051	2155
2361	2326
1817	1817
1572	1372
1716	1427
873	874
86	194
1529	1529
1222	1251
757	791
1352	1327
232	232
1795	1795
1406	2003
108	108
2246	2246
1794	1654
1521	1216
2061	2020
2077	2273
195	195
791	791
167	166
352	353
1096	1097
2022	1846
1161	1498
950	1625
151	340
1883	1884
731	741
821	1411
1360	1360
2260	2260
883	883
1036	816
1677	1678
1957	1957
244	296
1127	1127
1636	1636
1354	1356
1187	1187
74	74
913	1299
1668	1691
1395	1394
2370	2336
499	1322
1656	1685
58	58
850	859
1427	1778
1941	2145
274	54
207	490
1260	1260
1077	1077
119	383
656	656
134	339
2349	2349
989	989
220	256
1142	1180
855	899
997	995
50	227
2352	2345
402	402
1669	1669
2234	2234
2099	2054
1494	1434
1701	1700
905	905
2182	2138
1960	2146
955	1569
1954	1953
2223	1881
2095	1978
76	76
600	86
1823	2064
346	429
796	2071
915	915
2320	964
182	181
1697	1697
951	950
817	817
1923	1923
103	324
1059	1180
1107	1108
1078	1213
127	187
1317	1317
2	3
1458	1458
788	788
1098	1098
399	401
2286	2286
1990	1989
1868	1868
1408	1408
1866	1866
1965	1965
1280	1433
2221	2221
2291	2290
314	281
1245	1250
169	74
1823	1823
1653	1658
881	880
639	640
929	928
2209	2208
1157	1157
469	210
35	403
1810	1811
1106	1105
1828	2052
780	735
105	110
601	582
679	767
1069	1069
969	970
981	981
248	248
1675	1672
848	1206
138	140
2279	2279
971	972
2364	981
2154	2119
1871	1870
839	838
795	680
701	701
2315	2315
2313	2309
2200	2199
1727	1725
1503	1503
1892	1892
311	311
889	887
242	86
142	142
69	349
2078	2128
712	676
1584	1842
643	643
2048	2049
393	393
1012	1011
676	712
893	899
759	759
760	760
1377	1377
698	649
458	458
2084	2084
1011	1010
629	2101
926	928
2331	2331
371	249
1522	1522
1973	1973
437	150
2103	2139
6	322
358	358
2020	1799
1038	1040
657	630
724	1893
1162	1164
2277	1993
855	856
968	968
947	947
1037	816
1164	1164
522	524
1180	1142
1175	1175
1869	2095
2158	1930
1505	1505
371	552
431	432
1567	1567
1986	1986
556	327
2239	2239
12	679
916	917
2032	1989
114	209
451	391
1537	1537
2113	2113
727	726
106	314
186	128
1333	1333
1989	1841
2033	2034
472	472
1692	1692
1800	2155
279	153
18	103
2152	2153
335	69
1078	1255
2053	2147
59	50
733	733
1679	1679
26	26
726	726
31	155
815	2348
1254	1552
155	103
396	496
815	816
727	12
528	529
2346	2320
2112	2111
239	248
83	432
170	18
723	722
600	600
128	127
583	413
613	597
805	1667
1533	1533
724	724
172	172
909	905
153	279
789	739
692	695
980	979
1855	1855
2305	2302
30	186
2099	2123
684	757
931	1275
60	59
2185	2186
665	675
1264	1263
196	139
121	271
50	570
1978	1869
2365	2326
1418	1495
411	460
1872	1874
2033	1989
375	570
1475	1606
778	778
907	905
429	100
1420	1422
1639	1754
679	11
210	210
148	148
1562	1562
1607	1609
694	713
1941	2156
1564	1563
1800	2033
1266	934
233	81
1691	1701
907	1675
394	695
1462	1462
467	469
2196	2149
972	970
1289	1289
1629	1762
1737	1737
61	61
1893	2286
1960	1959
103	18
1167	1624
2367	1762
1165	1162
624	624
2176	2176
802	802
1183	1423
399	621
1893	724
2371	2388
1548	1548
1285	1329
1465	1464
826	1059
155	427
1807	1592
182	164
1434	1494
1783	1653
1325	1325
1426	1426
1399	1399
2095	2095
1800	1826
842	843
1218	1161
1954	1745
599	600
443	205
1144	1145
1256	1258
271	271
1251	1222
403	341
1921	1979
2142	2142
2214	2214
324	324
2376	2376
1900	1901
1844	1844
1963	1963
1100	1687
1402	1403
267	20
1651	1651
1682	1680
688	689
1779	1657
159	159
789	789
2086	2084
1896	1893
1936	1936
1870	1872
2234	2236
1355	1356
545	545
2345	2353
905	904
835	744
287	18
1067	1064
2308	2313
2204	2206
225	225
285	285
1357	1357
579	86
1085	1038
453	357
1425	1425
86	242
2300	2301
1231	1330
2327	2305
970	971
2387	2385
335	335
787	787
975	874
2304	2304
1589	1589
786	668
1646	1646
542	542
96	93
1873	1869
104	104
1803	2051
1889	2232
1947	1409
1627	1628
1939	1939
588	540
1633	1638
1391	1393
1753	835
173	171
582	601
656	812
1696	1711
256	220
2147	1942
1148	1148
839	1479
2032	1976
265	212
63	182
386	386
1267	1285
2227	2227
1290	935
712	731
2079	2122
1436	1490
633	16
2143	1905
341	341
1711	1681
1059	1142
1147	1146
2231	2231
1069	1072
325	264
224	193
1466	1466
1404	1070
1834	1834
1675	1675
2004	1405
42	41
778	814
1770	1770
1351	1351
910	907
776	776
95	480
1733	1735
1228	1306
397	692
751	751
2039	1807
349	69
2095	1869
1912	2156
889	890
1839	1836
1498	1498
2309	2306
554	36
1715	1781
546	546
1671	1670
203	203
715	714
177	456
190	175
341	278
0	0
1080	1080
1630	1632
1143	1143
693	693
90	89
1642	1642
327	276
573	573
279	279
81	81
50	152
1132	1131
30	29
141	107
4	4
2287	2283
1348	1349
1043	1044
216	291
2288	2287
1784	1784
665	457
1038	1036
195	426
10	408
436	433
2092	2094
1905	2073
2145	2126
1825	1906
1685	1691
608	608
2064	981
397	63
1446	1445
1	186
1385	1385
1932	2292
708	708
967	1047
271	270
1922	1979
214	395
2092	1864
1312	1297
2098	1934
524	524
2334	2334
461	605
678	679
480	96
341	210
1254	1399
864	847
952	952
538	538
68	465
2135	2134
1719	1721
1690	1657
1299	917
88	90
1852	1851
673	673
2357	2355
57	259
1037	1039
2369	2369
1656	1656
2135	2160
718	718
135	136
198	151
86	278
20	235
1257	1258
1014	1014
1489	1489
1496	950
2355	2355
1403	1583
1642	1774
1027	1026
318	424
1039	1085
2055	2055
1757	1577
50	278
846	1636
395	721
328	328
1428	1428
1022	1022
1563	1563
74	453
1795	1633
447	448
632	631
1029	1260
375	20
819	1218
2181	2180
618	617
1479	1479
2328	2328
1126	1126
1875	1876
1378	1378
222	144
2076	2076
94	94
359	637
909	904
523	523
791	684
1407	1407
747	517
2315	2340
1494	1573
534	534
1872	1871
1024	1023
907	904
901	901
1864	2016
1903	1904
1221	1221
1833	1833
2299	2299
2064	2063
1235	998
436	360
1888	1887
50	86
71	70
844	1168
1799	1905
1100	1099
225	194
67	589
1639	1435
615	614
595	86
1949	1951
1845	1845
1017	1082
298	299
1165	1165
1922	1921
29	29
668	786
2089	2088
2316	2317
904	910
1081	1080
2201	2198
1644	1644
713	711
2310	2312
143	144
238	163
31	91
744	744
372	348
36	36
1205	1141
497	497
1484	1293
557	601
2262	2262
183	146
111	111
2289	2289
320	36
16	234
1373	1373
107	377
2170	2357
1643	1686
2125	2126
2079	2080
399	399
69	57
194	193
277	163
1538	1275
86	49
1731	1731
1842	1841
1472	1471
1788	1701
1551	1550
448	447
2207	2206
433	468
1600	1599
2109	2110
210	433
1252	1252
51	497
571	571
121	263
1982	1906
843	842
366	365
28	220
260	162
1780	2015
554	554
76	168
1211	1212
1726	1725
2341	2342
2132	2132
879	878
2077	2076
1846	2022
2219	2218
1578	1432
976	977
1693	1694
459	459
905	909
1595	1595
56	55
1068	1070
1390	1391
2308	2311
2170	2355
945	945
2029	1901
64	38
151	152
400	399
2302	2303
731	731
2044	2044
164	498
822	1562
611	443
1901	1901
1934	1934
859	1324
1075	1074
229	228
930	1575
306	307
2312	2306
52	266
11	11
154	154
1873	1873
859	850
708	688
781	755
2327	2365
1217	1216
695	630
2280	2135
738	737
2178	2178
1026	1025
872	871
2197	2197
1696	1183
168	198
803	803
224	225
365	366
949	1070
1252	2161
2290	2291
390	389
437	436
1385	1148
2006	1993
2242	2181
1931	2230
1434	1455
189	296
1869	1871
2140	1935
1773	1774
385	320
937	1166
187	187
1816	1816
198	168
1093	1092
1989	2181
74	170
2320	2317
908	1726
91	527
628	575
354	138
265	265
1686	1770
1283	1283
1800	1800
874	975
95	483
2020	2019
2079	1433
163	249
994	996
330	330
1738	1738
1998	1998
864	1078
2107	2141
823	1179
1212	1210
1715	1427
899	899
1405	1405
1529	1557
2162	2162
2177	2175
159	16
2309	2310
220	157
845	1168
1393	1390
275	109
2395	2394
2394	2395
1052	1174
1155	1155
766	218
1814	2093
2286	2077
701	736
1499	1238
127	127
2160	2135
977	978
1874	1869
1878	2106
1848	1848
1858	1858
1993	2030
1016	1016
194	225
1806	1807
1691	1668
1976	1975
359	163
1652	1658
1569	1569
892	819
1504	1503
1708	1708
2156	2129
2393	2393
1334	1333
1222	1046
535	18
1991	1840
420	52
408	408
1653	1653
1207	848
268	268
1654	1427
1905	2072
1193	1193
2385	2385
761	698
2049	2049
1174	1052
1911	1911
1912	655
939	939
1506	1507
1516	1515
613	613
1885	1885
1934	2098
1633	1791
595	234
1539	1571
235	375
1457	1456
2094	2095
1774	1774
2325	2325
209	636
2121	2121
219	219
66	66
1990	1829
635	1894
20	188
717	717
2321	2323
284	285
764	764
2351	2351
1988	1905
410	410
1279	1279
248	338
164	182
339	327
2156	2156
1661	1723
1638	1677
1999	1999
1434	1434
258	209
2061	629
630	629
314	315
587	585
995	997
1747	1748
1698	1697
418	418
2149	2149
16	72
1824	1825
1924	1923
1065	1066
1640	1641
12	13
559	137
2009	2008
1356	1356
1265	934
359	359
1353	1457
918	915
1345	1345
3	3
1202	1050
151	86
476	476
406	406
1681	1682
161	159
421	286
963	962
491	261
1807	1808
2218	2218
1629	1629
2146	2146
1625	950
1725	1726
1476	1034
184	184
1804	1804
2136	2136
34	230
1139	1139
2101	2102
655	655
2157	2158
1010	1005
907	909
2264	2264
91	238
1039	1036
387	386
137	20
227	58
1829	1829
1624	1168
1432	1431
680	680
793	731
1368	1431
2371	2371
2267	2266
2387	1170
1684	1640
1339	1339
588	230
829	1487
462	462
7	206
164	77
1676	1676
1953	1745
2124	2124
1610	1610
1880	1881
302	302
1691	1650
584	585
2034	1989
1962	1962
1629	1282
2311	2307
1183	908
2310	2308
7	2
404	121
928	928
992	992
2391	2377
1778	1657
444	427
1288	1435
2245	2147
107	141
346	346
2247	2247
1776	835
1856	1856
1442	1441
865	865
1626	1627
1448	1447
2344	2344
315	44
1040	1036
2332	2331
907	1634
599	50
200	200
1930	1931
2050	2049
934	1266
1524	839
1038	1084
2130	2054
2004	2003
1479	1105
1084	1039
1811	1812
159	163
1606	1606
1755	1755
1097	1092
2040	2039
2083	2083
816	815
2326	1747
1323	1322
1908	1908
2147	2246
905	906
185	186
86	340
1709	1710
2126	1941
425	269
2319	1199
1781	1794
469	469
1322	499
2318	2317
650	649
1250	1250
935	818
860	847
581	766
2215	2133
1684	1691
2091	2158
397	767
1620	1621
376	7
1982	1641
767	783
0	87
101	100
269	269
2002	2003
687	687
2312	2310
1665	1662
1708	1685
1473	1579
183	183
2016	1815
1690	1691
1772	1772
54	52
1549	2110
391	390
2169	1734
163	239
1225	1225
2317	1199
1294	1293
2042	2043
2131	1895
347	347
487	487
2041	1807
1435	1436
1663	1663
865	1572
2090	2090
980	981
1853	1853
2100	1871
437	438
13	11
2070	2070
1072	1068
1093	1096
214	214
263	263
1842	1584
728	725
1532	1622
288	287
1808	1808
408	10
162	159
2111	2112
384	162
2123	2096
649	698
1680	1681
16	310
236	236
262	262
1691	1782
35	35
316	412
1507	796
2353	2354
565	565
1085	1084
1814	1978
908	908
1614	1614
849	849
753	710
1814	1814
1013	1014
895	896
210	467
1687	1100
456	455
1129	1130
1915	2014
2195	2195
1732	1733
518	502
370	675
1036	1036
766	766
477	54
1464	1464
1790	1702
1719	2271
147	147
1561	1561
2352	2355
227	50
1661	1691
1638	1666
1941	2124
442	442
396	396
1683	1683
1778	1778
830	830
1111	1111
1890	1890
2003	2003
2105	2106
239	163
536	364
735	664
1493	1493
964	2316
1716	1654
2026	1966
1905	2076
1952	2051
2292	1932
1825	1982
2246	2147
1640	1684
2380	2015
1871	1874
82	68
2078	2077
814	1039
979	979
1151	1371
1479	1525
552	552
2155	1800
1828	2146
2200	2200
959	1040
616	616
719	811
2079	2073
1628	1701
465	10
185	30
121	30
1277	1277
1160	1162
1159	1611
1555	1554
1163	1160
2210	2210
1078	1105
296	2391
950	1703
130	130
1556	1556
1286	1335
457	675
1525	1105
1154	1153
1635	835
52	237
1970	1970
2043	2167
370	370
659	659
2390	2388
847	857
1860	1926
1250	954
2301	2301
418	417
2383	2384
1382	1382
2245	1942
754	754
1066	869
1244	1244
807	806
68	69
172	276
1677	1714
735	735
149	262
1650	1183
1331	1334
2074	2075
63	63
2280	2280
1953	1954
348	347
1987	1960
1869	2092
1260	1308
1828	2147
913	914
2307	2308
1588	1588
2203	2203
1272	1273
2247	2147
2034	2034
869	1066
1157	1102
1636	846
1897	1897
1500	1502
1928	1928
1628	1628
455	456
1372	1372
985	985
1181	1181
1236	977
648	82
2096	2054
907	906
2090	2073
996	995
1990	1976
1674	1674
609	609
1550	1550
2002	1406
2255	2255
1039	1040
1094	1096
1790	1790
155	182
330	58
1530	1531
1799	1910
2258	2259
1378	1281
1609	1609
1973	1965
1507	1506
617	617
249	248
1684	1776
1133	1133
340	340
257	593
1072	971
190	31
1723	1723
2343	2343
1066	1067
1807	1861
1668	1637
2168	2167
1386	1386
2311	2311
2250	2250
2115	2115
1159	1159
1703	950
915	916
334	332
1007	1495
1935	1934
291	291
1192	1192
126	126
1018	1018
2003	1406
198	50
77	164
568	606
2159	7
2377	1231
540	179
1384	1148
103	440
1592	2109
1292	1292
1951	1951
218	766
2319	2320
2156	1912
2196	2197
614	614
1716	1715
495	499
2028	1901
1133	1106
2269	2394
35	357
1040	1040
1400	1400
1909	1907
410	86
5	4
2240	2240
437	360
41	41
602	602
434	467
841	847
999	999
2019	2019
2103	2104
130	542
1097	1096
2335	2334
668	562
1627	1690
2077	2073
2119	2120
1701	1678
2033	2070
2066	2066
2296	1775
2269	1604
523	86
988	988
2382	2376
1720	1720
1191	1191
1543	1543
250	356
1359	1352
733	777
425	555
671	671
1876	1876
2220	2221
91	104
758	758
1638	835
103	91
859	1637
1637	1668
383	383
820	820
1413	1413
57	144
2189	2217
1686	1643
2163	2162
1469	1469
463	495
87	57
2350	2349
1642	1797
1975	1975
1011	1011
1590	1598
925	928
327	425
1838	1839
1411	821
280	328
562	562
1657	1654
1721	1720
2071	796
1688	1686
30	110
1830	1829
705	705
2070	1841
1804	1861
282	281
1678	1701
656	797
2364	961
2093	2094
290	291
2150	2149
1512	1512
1103	1103
1524	1525
450	450
38	64
15	15
997	994
924	924
121	162
4	350
2180	2070
20	50
1750	1750
2062	2062
2213	1813
1239	969
374	217
1598	1598
52	420
1195	1194
2167	2168
1344	1344
2205	2205
504	504
2270	2270
412	317
2123	2097
2148	2149
1692	1183
642	642
2277	2277
1332	1331
1433	1434
382	382
1251	1238
1602	1602
1767	1767
2052	2052
1741	1759
207	1323
973	974
350	4
81	233
666	667
630	397
155	237
1406	1406
257	2348
87	114
864	864
2120	2154
1001	1000
33	34
1404	2391
1199	2318
235	20
706	397
515	515
737	321
1896	1912
2205	1815
1993	2277
1042	1283
818	818
672	671
695	692
87	209
530	531
1239	971
535	535
1976	1990
281	282
124	375
141	142
1004	1012
259	367
1170	2387
1319	1318
1565	1272
257	52
436	435
1064	1065
2306	2307
1828	1827
2041	2040
295	605
910	905
2292	2293
2375	2375
736	701
742	742
2248	2246
303	303
814	1086
1853	2075
816	958
16	201
959	1036
1989	2034
1948	7
690	689
865	1372
197	198
906	1627
0	222
1457	1353
198	86
2362	2361
898	899
1160	1165
698	698
1362	1362
1545	1545
1635	1635
2059	2060
1689	1684
780	11
1781	1781
2039	2039
797	797
1944	1944
1659	1659
2366	2383
309	309
1749	1749
1258	1256
393	666
1763	1767
888	888
1115	1115
841	843
235	177
12	790
18	385
1036	959
1061	1061
468	467
2284	2288
1692	1423
2045	2042
580	580
1734	1733
1799	2061
264	616
2145	2125
50	197
2269	2329
1662	1665
1092	1093
1394	1394
1700	1701
2126	2124
319	737
162	73
2333	2335
901	855
2317	2318
2199	2200
363	363
2296	2296
900	1504
356	31
855	901
654	433
460	460
1678	1678
439	416
170	74
254	253
1753	1714
1504	900
1895	1895
2031	2031
868	868
1840	1840
76	244
2090	2072
1845	1799
467	194
2006	2006
1770	1701
20	20
419	419
1900	1803
1142	826
1094	1092
1801	1802
2169	2169
121	404
930	926
1625	1664
18	170
926	930
124	124
1101	1101
1213	1213
1196	1196
1012	1010
1967	1967
2284	2283
906	904
131	131
2332	2375
2379	2392
420	240
1977	1976
1527	1562
53	52
1265	1266
2208	2209
665	664
1451	1451
1971	1971
1182	1181
1879	1879
1105	1106
929	1367
953	953
1830	2108
1894	635
432	432
2347	1767
2181	2070
159	258
779	758
2311	2313
766	727
2353	2345
1086	1084
1096	1092
511	511
919	1428
1335	1336
1685	1737
1142	1142
155	31
98	98
327	556
57	159
329	329
1130	1131
1025	1028
539	539
2319	2316
1583	1403
105	30
278	341
634	246
86	599
339	30
2323	2323
58	227
2121	981
1335	1286
835	835
874	873
538	52
54	274
2153	2151
1888	1888
1943	1943
29	209
91	360
2146	1828
2108	1830
944	944
1712	1106
2013	2012
289	290
2042	2168
327	134
2373	2373
980	849
34	33
543	544
1702	1790
2338	2337
155	444
2047	2047
633	633
1194	1193
164	155
917	918
2160	1853
0	157
457	665
1046	1251
622	390
742	797
2246	2248
1112	1112
1380	1381
1672	1673
451	451
1251	1339
391	622
1930	2157
224	86
899	855
1513	1513
1028	1027
1813	1814
136	134
555	555
50	20
157	223
1049	1202
694	694
2044	2167
1585	1307
1864	1863
923	924
1511	1511
89	89
1549	1549
227	364
2380	1780
2366	2366
918	916
31	237
1947	1947
381	380
1812	1812
1791	1795
767	397
2133	2034
517	747
1310	1310
262	149
2099	2087
829	829
180	178
1762	2367
510	478
323	323
467	434
2171	2171
189	189
2166	2234
434	98
1847	1845
1330	1231
1735	1733
186	186
227	536
1411	1411
1067	869
722	722
44	69
1204	1019
1795	1791
242	50
1686	1687
52	53
1869	1874
966	966
585	587
2073	2122
2077	877
1799	1893
276	327
741	731
948	948
2167	2045
876	876
2375	2297
431	268
726	800
1105	1625
2308	2310
1940	1939
301	301
162	163
313	291
69	159
1761	1737
1653	1778
64	64
2110	1549
796	1507
842	847
592	592
1694	1694
607	1
332	332
338	248
1901	1803
2339	2375
151	50
2026	2026
430	299
69	44
1095	1096
1633	1642
368	368
1989	1826
750	750
2187	2187
1453	2270
31	569
173	173
1554	1554
1978	1814
340	198
629	2061
1950	2048
2291	2289
2114	2115
1935	2129
326	244
1814	2092
1865	1865
1966	1966
310	310
816	1038
1146	1147
1134	1133
1005	1004
1874	1873
420	155
890	889
1243	1242
1085	814
209	209
1388	1388
171	173
1455	1455
1106	1106
2192	2192
1198	1197
351	351
771	771
1974	1809
425	425
578	239
209	335
821	822
159	335
131	191
398	198
637	636
320	385
1591	1590
238	239
1282	1769
1788	1789
1915	1915
822	1412
1022	1215
2306	2311
910	904
2295	2235
484	484
1978	2095
12	766
2126	2145
1303	1303
816	959
917	1299
404	189
446	446
538	286
1643	1643
2063	2063
228	228
2213	2016
59	457
162	359
1470	1471
216	217
79	255
898	855
959	816
231	230
2117	2118
739	789
616	264
1889	1955
950	950
532	532
357	74
1549	2154
73	73
1293	1293
1186	1185
1241	2055
1961	1911
2249	2250
1407	2004
914	916
1667	1668
1723	1690
1381	1381
832	832
1	128
303	258
888	891
2085	2083
2192	1864
1319	1187
1334	1334
1857	1856
18	388
1643	1691
1061	1060
110	109
481	444
20	375
1522	1254
341	151
1280	955
2160	2280
1686	1686
1776	1776
194	640
653	653
86	522
1673	1672
397	679
2377	2391
1766	805
1691	906
1202	1048
83	83
1724	1723
790	766
304	109
271	121
1177	1177
494	342
1631	1632
1427	1760
1773	1797
435	437
2246	1387
1120	1003
1452	951
145	146
95	94
364	331
2211	2212
1271	1271
443	442
7	107
764	218
792	792
264	263
316	304
540	16
1044	1043
556	144
2355	2352
849	981
2226	2177
2288	2283
927	926
1690	1183
2261	2261
72	263
1622	1532
2233	2233
906	905
1581	1580
1580	1581
2127	1896
918	1299
1775	2296
1125	1125
1071	1070
790	790
262	292
287	288
276	172
121	374
21	294
1795	1638
2324	2340
2281	1641
469	433
1450	1449
771	649
1861	1861
1608	1607
1033	1055
1020	1020
689	688
1096	1096
296	189
909	908
1836	1839
2141	2107
1770	1686
567	130
861	862
835	1637
34	396
357	357
1399	1243
76	248
562	668
2053	2053
1031	1526
1209	1424
1222	1558
338	338
768	768
273	217
1863	1863
1039	816
730	712
1523	1523
1882	1843
1893	2285
1641	1641
1118	1118
812	812
53	51
378	378
471	473
166	166
1941	1941
2158	2157
2266	2266
835	1147
197	340
2108	2108
468	194
2371	2389
2201	2200
1573	1494
1845	2151
714	714
98	433
765	581
248	239
16	364
25	24
2302	2305
1837	1836
2106	2105
2104	2104
1142	1059
2283	2284
92	94
1677	1677
444	155
1919	1800
20	257
2015	1597
121	217
1358	1122
91	227
50	194
1435	1639
1612	1611
715	729
818	932
2014	2014
62	405
2067	2066
1501	1500
74	223
293	553
972	969
194	469
1210	1212
675	450
558	235
2166	2236
1290	1291
810	810
127	1
1779	1653
205	205
800	726
855	898
1819	1819
2128	2078
1912	2129
52	57
1645	1644
1046	1222
1561	1412
979	981
1780	2393
1954	1954
1412	1412
1966	2026
2378	2378
17	217
2073	2077
2308	2306
1178	2128
2268	2267
286	421
182	182
2241	2155
1976	2289
2018	2018
900	900
1421	1420
880	881
126	545
1168	1167
1392	1391
1095	1092
93	93
391	391
1459	1459
586	585
1131	1130
401	261
170	169
1547	1546
725	726
706	394
450	665
73	121
242	198
2289	1976
1036	1040
929	927
721	405
2034	2133
796	796
68	10
2072	2090
904	1675
807	663
2172	2172
433	434
2050	2019
964	2320
559	559
262	231
798	798
1296	1296
1058	1057
1942	2247
1959	1960
2306	2313
1996	1997
589	589
910	909
1678	1772
1871	1871
2213	2213
1593	1593
1266	1265
36	339
951	744
2077	1613
925	930
405	721
427	427
1841	2070
140	140
249	371
1078	864
2309	2311
2370	2371
103	356
2236	2214
87	138
126	91
664	664
31	356
1299	913
2065	2137
2319	964
2259	2259
1454	1454
1132	1132
223	223
2080	2122
75	76
599	86
647	358
1077	864
2359	2373
2073	2082
1313	1313
2043	2044
276	494
1604	2269
22	116
954	954
1070	1069
1162	1165
746	746
2052	1828
1841	1989
2273	2077
198	236
321	321
1762	1762
1869	2093
482	482
2307	2312
547	547
69	71
416	416
1327	1327
144	555
595	595
2030	2006
1288	1289
1785	1785
38	489
915	1299
269	442
2008	2010
218	13
202	203
1091	1091
780	780
1443	1444
1104	1103
2245	2245
320	18
847	841
153	153
16	15
1664	371
2224	2223
2241	2244
1135	1136
828	827
221	219
484	548
365	283
310	16
437	134
1405	2003
1881	2224
13	510
728	800
1519	2378
2386	2387
1152	1152
906	906
6	120
1907	1909
2217	2190
1701	1789
418	155
661	709
1249	1249
2282	2282
944	1415
57	57
723	723
500	282
258	258
318	318
1174	1174
1169	1169
179	178
1098	1357
1505	1077
1436	1435
618	618
153	77
1418	1418
1099	1100
1517	1515
2339	2337
65	65
31	102
2328	2269
2184	2183
106	281
1224	1225
1654	1794
581	218
85	86
2396	2396
1260	1029
77	153
1492	1492
58	331
852	852
2365	2327
479	103
397	706
2101	2101
616	633
148	146
370	59
317	316
2060	2060
845	844
1641	1906
453	74
1592	1912
729	714
1629	1686
467	468
1012	1004
198	340
480	480
615	615
1817	1816
205	31
1226	1223
91	31
1774	1642
1584	1584
1922	1922
1406	2002
108	109
953	955
2186	2187
442	269
1113	867
212	103
2276	1828
2122	2080
2131	2127
169	169
352	352
1746	1667
1381	1625
597	613
50	340
86	225
1145	1145
1237	1237
1295	1295
2363	2361
300	300
2324	1750
541	481
1141	1205
821	1412
189	404
842	842
1957	1956
1354	1354
950	1496
886	886
1274	625
967	967
1548	1059
2011	2010
1477	1477
217	15
1561	822
434	434
1412	822
1000	999
49	49
2188	1881
1682	1683
366	366
843	843
403	403
931	931
1815	2016
1419	2364
1490	1436
997	996
637	359
1180	1059
1846	1847
2134	1853
232	239
1686	1691
1616	1616
1422	1338
185	187
155	154
221	221
149	292
2230	2229
56	56
397	334
720	720
155	418
915	914
1825	1799
1697	1698
1936	1964
1589	1591
50	34
672	574
597	318
1923	1924
2280	2075
916	913
357	453
1050	1049
2256	2257
426	195
63	214
222	69
26	145
887	889
308	309
885	886
2	2
1681	1711
1427	1138
280	339
1990	1990
767	734
164	243
389	391
2080	2080
2376	2382
282	282
1132	1422
355	50
2221	2220
1910	1896
1471	1470
1349	1349
2312	2308
1823	1824
622	622
499	1429
2241	2241
2060	1397
1810	1812
2336	2371
1541	1541
659	776
347	372
1557	1557
908	1727
2327	1747
662	662
2354	2345
1069	1068
63	334
641	365
942	944
248	249
1365	1365
42	40
1701	1767
320	320
910	906
564	563
1571	1571
244	276
839	839
701	700
1707	1636
2313	2310
377	107
1727	1726
1376	1374
981	979
686	687
1878	1878
889	889
1235	1235
1358	1098
665	713
138	47
2309	2313
142	141
1546	1547
1099	1345
1427	1783
1237	829
1965	1973
360	435
97	97
691	691
1834	1972
935	932
1956	1956
1861	1804
393	394
1238	1251
676	713
743	737
1423	1423
2216	1989
2073	1905
50	137
1132	1129
34	599
2084	2083
669	669
926	929
128	186
2206	2207
1864	2094
409	34
198	370
2288	2288
263	72
1371	1151
1950	1949
1643	1687
1353	1353
1979	1922
1824	2178
1251	1046
1038	1039
1162	1162
337	255
968	967
610	609
2097	2096
13	218
522	523
2009	2010
2351	2269
1516	1516
1606	1475
1389	1432
2168	2042
2140	2129
1982	1825
1496	1496
1797	1797
2198	2201
2088	2089
209	637
2075	2160
2283	1898
2087	2087
2051	1950
2356	1669
514	76
916	918
1452	1452
1299	918
965	965
493	493
1946	1946
2113	2114
1905	2143
698	761
536	540
1703	673
727	725
1992	1992
1333	1332
99	99
753	753
831	830
472	473
2072	1905
2152	2152
1762	1629
2073	2091
209	302
2077	2286
1027	1025
304	317
1775	1775
2354	2355
255	337
726	727
906	909
370	665
769	769
896	897
494	276
1495	1418
404	404
1664	1664
815	815
1284	1284
2051	1952
589	67
83	431
1636	1707
1084	814
1347	1349
711	665
783	734
677	676
2368	2368
1875	1877
631	632
172	171
11	679
1370	1228
963	963
1565	1565
30	185
283	641
2081	2081
2382	1106
1896	2131
2185	2187
961	2364
1872	1870
475	103
1420	1421
2280	1853
679	12
2280	2160
2357	2357
774	773
394	694
1609	1607
2282	2164
134	30
186	460
429	598
201	201
1077	1505
1597	1597
2194	2194
1165	1163
1650	1661
2176	2177
914	913
1701	1685
409	230
2138	2138
683	684
904	907
519	519
758	779
1827	1828
497	51
2310	2313
209	114
2242	2242
824	824
1435	1288
2000	1998
532	87
2095	2094
1532	1368
1989	2242
679	397
1787	1786
1831	1831
397	695
1328	1352
1051	1052
280	29
2127	2127
1256	1257
2120	2120
731	793
1842	1842
246	246
881	1200
520	520
1652	1653
1869	1978
2207	2207
57	87
1374	1374
103	481
1733	1776
1038	1086
152	151
619	619
2086	2083
1457	1893
293	293
855	893
1657	1778
194	246
1870	1871
1462	1302
2234	2235
1616	1615
2345	2354
281	106
2147	2248
296	404
240	240
2329	2329
237	155
958	960
1067	1067
469	467
252	252
2204	2205
1906	1641
1941	1912
2400	2399
1425	1424
151	151
2300	2300
400	400
970	970
787	786
822	1561
1934	1935
854	854
978	977
1302	1301
1427	1653
306	306
258	449
1590	1591
1228	1228
26	148
96	94
1873	1870
424	424
144	114
1889	2231
1322	1513
817	1585
1760	1760
684	791
1217	1217
765	218
2149	2196
1627	1627
68	82
325	201
1427	951
345	346
574	671
198	613
439	439
1026	1026
1654	1654
1927	1927
2100	2087
365	365
2110	2109
386	387
2227	2228
882	883
1592	1382
2379	2381
179	540
640	194
1336	1336
463	463
2275	2275
244	327
288	288
1427	1573
1338	1338
2231	2232
1082	1082
819	892
212	265
15	388
1964	1936
1834	1835
633	616
1993	1263
2099	2100
1887	1928
1445	1445
1773	1642
1432	1578
2355	2357
1452	1427
1475	1475
101	176
1668	1667
864	1077
2389	2388
1463	1463
2313	2306
339	134
1503	1504
2101	629
6	4
1835	608
359	209
237	52
510	510
456	456
641	578
1630	1631
932	818
984	984
1132	1337
693	692
90	88
2147	2052
847	852
977	976
851	851
929	930
2181	1989
2326	2305
956	957
1976	1977
160	159
1661	1690
4	5
1218	819
926	925
281	281
2238	2238
1766	1678
857	864
625	577
494	494
1591	1598
1807	2041
620	403
2092	2095
475	476
2097	2097
1164	1160
403	620
2292	2292
468	430
561	668
2216	2215
1	185
1284	960
940	940
1237	1487
1385	1384
524	523
1166	937
1457	1457
2198	2198
163	162
1604	1605
1850	1850
958	1037
137	628
284	284
1797	1773
1039	814
1202	1202
1679	1717
711	713
194	634
644	389
417	439
1375	1374
2372	2359
21	19
37	64
1497	1497
1037	1040
2369	2368
1487	1237
592	627
135	134
1242	1021
1412	1562
1154	1154
949	1444
208	209
1795	1772
838	839
1910	1799
1799	1934
1039	1086
2058	2058
367	367
917	915
544	544
2324	2335
811	719
634	194
1228	1370
3	7
1126	1125
1202	1049
1749	2324
1047	1047
239	578
2199	2199
1633	1795
1724	1724
2076	2077
94	95
786	562
523	524
1882	1882
1273	1273
1702	1699
1637	1691
1734	2169
2285	2077
318	198
423	423
134	103
31	527
1725	1727
2294	2294
1139	1137
765	764
1242	1243
339	18
1203	1019
641	641
2145	1941
159	69
2299	2298
356	103
844	1167
611	611
1141	1141
187	127
1386	1601
616	310
51	51
1540	1540
1226	1226
1949	1950
1779	1778
1052	1051
1845	1846
641	283
1984	1984
411	240
796	1589
29	30
1638	1633
668	787
1404	1404
2316	2318
30	280
2158	2164
1914	1914
1736	1656
1298	1298
1369	1369
1813	2213
2168	2168
100	100
2310	2311
314	106
1689	1691
103	102
175	189
1318	1319
938	938
1592	1807
928	925
1338	1132
1528	1528
328	30
1147	835
599	599
1560	1560
377	376
197	278
159	209
86	595
1643	1685
2146	1960
1448	1448
2372	2372
858	859
1898	1898
79	79
194	194
2332	2332
1472	1470
231	262
2030	2031
1525	1525
276	276
103	479
593	257
2004	2002
2278	2277
688	688
1252	2163
1057	1059
159	161
700	700
1712	1712
816	816
1209	884
223	0
464	464
459	460
905	908
356	356
1711	1696
371	1625
1340	1358
86	341
1146	1637
1068	1071
1390	1390
454	454
2318	2318
1928	2132
650	650
2215	2215
134	438
1121	1121
64	37
2016	2192
640	640
2044	2043
676	676
625	1274
50	49
1901	1900
481	103
1070	1404
960	1283
911	911
415	415
17	15
2388	2371
1857	1857
2035	1826
47	87
1721	1721
2336	2388
1160	1292
1201	1201
2322	2323
1010	1012
443	611
114	57
134	327
962	963
2388	2390
31	190
1252	2162
1650	1690
1634	1636
2242	2180
1869	1872
1803	1803
2005	2005
1773	1773
19	19
2175	2226
362	181
1816	1817
1093	1095
1072	1071
2078	1905
1398	1398
1989	2180
2320	2318
91	526
120	14
1942	2147
1784	1771
162	384
1283	1284
625	625
1296	1297
1404	949
102	31
1680	1680
665	694
138	137
1733	1732
994	995
330	331
1998	1999
453	453
1660	1660
106	106
1405	1406
2162	2161
1839	1839
815	257
2309	2307
1558	1222
1393	1391
1427	1779
1461	1460
244	404
1458	1389
1627	2374
959	960
457	59
127	128
517	517
1732	1732
110	105
2134	2134
1874	1870
1878	2105
1782	1685
1835	1835
1016	1017
427	155
2352	2354
1668	805
393	185
310	616
2165	989
1683	1680
1449	1449
1884	1885
732	732
278	151
1916	1916
2012	2013
1865	1978
1389	1389
114	114
1319	1319
15	217
1227	2315
1193	1194
1403	1403
1661	1650
1638	1714
2078	2078
1573	1427
1206	848
1617	1618
1307	1307
2330	2330
394	394
1747	2327
690	688
678	678
2094	2093
480	95
1739	1284
150	149
24	25
1959	1986
2121	2120
394	692
257	815
1770	1627
2091	2090
717	716
1320	1320
1414	1414
959	959
955	1434
1078	1106
360	91
317	304
1513	1467
361	362
822	822
2093	1869
2254	2254
1758	1758
930	930
1999	1998
1881	2188
2043	2168
1030	1030
38	518
1687	1687
587	586
1747	1747
2065	2065
688	708
800	800
1952	1900
2149	2150
699	792
2048	1950
1110	1110
1997	1996
2225	2162
807	807
1180	1180
1065	1065
1640	1642
166	167
121	328
7	502
1767	2347
1701	2347
2399	2400
1905	1478
1353	1456
430	468
955	955
2096	2096
1148	1384
236	321
1978	1978
1681	1683
21	80
1002	1002
1688	1775
1702	1702
1509	1509
2389	2336
16	325
461	295
1807	1807
103	444
2218	2219
1629	1628
2136	2137
455	455
1759	1759
1485	1485
1382	1592
1010	1004
296	560
1279	1282
7	141
907	907
2264	2265
159	222
1375	1375
1903	1903
30	1
1039	1037
1691	1689
837	837
181	182
1814	1869
1624	1167
761	761
107	7
793	730
555	144
59	60
1508	1507
144	223
1927	1887
2124	2125
103	31
1976	2032
123	432
1826	1826
2346	2301
572	572
583	583
2365	2365
30	271
240	420
550	526
2311	2308
626	138
1632	1632
222	157
1945	1943
2310	2307
1419	941
2223	2224
434	323
1883	1885
445	136
1074	1074
2350	2324
928	929
2003	1407
639	194
2059	1397
1025	1027
194	433
2092	1814
1064	869
152	50
1917	1916
2285	2286
1643	1684
63	397
1928	1887
1626	1628
1841	1842
2125	2125
1981	1981
737	737
761	650
275	275
1243	1399
2109	2109
1798	1798
934	1265
2013	2013
2050	2050
2042	2167
576	577
1215	1215
1964	1964
755	781
242	242
1507	1589
1097	1093
543	107
2083	2084
1745	1954
168	467
981	1823
1908	1907
616	201
2038	2038
976	976
201	264
137	50
1092	1097
1709	1709
916	1299
805	1678
884	1209
581	765
776	680
1085	1039
134	436
413	413
1028	1028
1655	1655
2220	2222
794	752
1146	835
1653	1784
553	553
331	364
770	770
928	930
1352	1352
1185	1185
1961	1961
2384	2384
258	106
343	38
1627	906
2002	2002
1840	1991
2312	2309
193	86
925	927
601	602
611	205
971	1239
1838	1836
54	53
1765	1764
1689	1733
2054	2054
1613	1613
299	430
226	50
1893	1893
2042	2042
492	492
1933	1933
2348	2348
1248	1248
981	2364
818	1008
1083	1017
315	315
1582	1582
1384	1384
1783	1427
1782	1701
2100	1872
867	1113
201	325
827	828
263	264
292	149
362	361
1797	1642
1195	1195
13	478
294	294
2167	2167
1741	1741
1751	1751
1931	2158
385	385
1589	1598
791	822
2391	2391
1678	1766
1332	1332
1427	1716
2362	2326
1735	835
2361	2361
1521	1521
1531	1531
114	222
569	569
104	91
80	80
899	898
2353	2355
565	566
353	351
833	833
908	909
1614	1615
1814	1815
666	666
1013	1013
2175	2177
895	897
621	399
1274	1274
846	846
198	318
1861	1807
1001	999
2195	2194
1199	2317
234	595
1483	1483
766	765
1464	1465
756	756
1427	1452
890	890
1243	1243
1782	1684
655	1896
672	673
171	171
1198	1198
599	570
1941	2125
458	457
1084	1085
629	629
1239	970
109	304
2313	815
2003	2004
1624	1624
2105	2105
735	665
964	2317
637	637
2290	1976
306	222
61	91
287	535
533	87
1905	2077
2306	2306
194	50
50	59
2041	2041
169	488
1800	1802
2189	2190
1815	1815
192	192
198	242
2248	2245
1168	844
333	334
106	132
2200	2201
959	1039
913	918
1670	1669
2391	1404
2094	2092
1299	1299
106	258
2133	2133
943	942
1160	1163
410	240
1163	1163
935	935
959	958
766	790
718	705
88	88
857	852
409	409
649	761
1086	1039
797	656
1183	1696
1348	1347
1539	1275
659	658
707	674
2385	1170
1416	1417
858	1496
1596	1597
1302	1462
327	327
449	258
600	254
680	775
2327	2326
1637	1637
813	813
1688	1687
1092	1094
227	226
137	575
1754	1639
1331	1333
114	144
1953	1953
73	162
1989	2047
913	913
2307	2309
763	697
858	850
869	1067
1128	1128
1187	1319
78	78
134	594
1897	1898
1928	1927
109	275
952	955
1989	2216
1628	1629
254	254
283	578
1173	1173
1496	858
291	216
55	56
460	186
649	650
282	500
2002	1405
1803	1899
1424	1424
1799	2153
1831	1893
2225	2225
1605	1605
2258	2260
301	103
2381	2379
181	362
159	312
1507	1508
168	398
1853	2160
280	413
1423	1692
706	679
1133	1134
199	7
655	1912
244	560
1629	2374
2158	2091
584	584
1105	1105
372	372
1601	1386
1150	1149
1066	1064
2094	1869
1253	1254
1674	1006
2311	2312
1086	1086
19	338
334	333
805	805
62	189
118	118
291	290
126	125
1291	1290
1656	1736
1778	1654
103	441
1531	1570
2303	2303
1951	1950
28	28
871	1169
2269	2395
2154	2154
2263	2263
560	560
1431	1368
1040	1039
1782	1770
1909	1908
1599	1599
50	76
41	42
570	50
