0 47 0.06699488
0 51 0.09049438
0 52 0.13833923
0 75 0.14135024
0 87 0.09413514
1 11 0.07777062
1 53 0.12777433
1 81 0.12643402
1 102 0.13882598
1 579 0.10656369
1 717 0.13523068
2 11 0.11536324
2 22 0.16648865
2 32 0.10688704
2 66 0.13803896
2 87 0.15110707
2 100 0.09799490
2 525 0.14208411
2 563 0.15325330
2 568 0.09113270
2 579 0.12684125
2 586 0.06778749
2 600 0.13572639
2 722 0.14194855
2 739 0.10702410
3 4 0.07777522
3 71 0.08110652
3 96 0.16848472
3 98 1.00000000
3 165 0.04473742
3 308 0.07748937
3 356 0.05826023
3 610 0.06556172
4 5 0.14393505
4 12 0.19300507
4 89 0.17243089
4 92 0.32697558
4 112 0.13817199
4 123 0.18972500
4 655 0.11037487
5 17 0.12287217
5 27 0.14163931
5 48 0.06423941
5 61 0.13753650
5 123 0.11565115
6 22 0.08616449
6 81 0.13443936
6 93 0.12302646
6 102 0.19878107
6 717 0.15500982
7 52 0.06772603
7 107 0.24521249
7 191 0.06702000
7 674 0.06104979
7 718 0.11257709
8 4 0.11332419
8 29 0.07607826
8 39 0.10662055
8 53 0.14129788
8 67 0.13404666
8 117 0.08737591
8 121 0.25084335
8 324 0.07939132
8 567 0.10532036
8 568 0.11212502
8 577 0.12707132
8 611 0.06889393
8 647 0.08225705
8 661 0.09675994
8 675 0.14478613
8 681 0.04338452
9 5 1.00000000
9 12 0.16854090
9 35 0.21559006
9 45 0.16801138
9 85 0.15969536
9 109 0.11497034
10 347 0.06212228
10 568 0.06647896
10 577 0.07335228
10 721 0.07126804
10 738 0.07855329
11 29 0.22749441
11 37 0.17697235
11 51 0.10029787
11 52 0.18067907
11 58 0.21048799
11 69 0.26524344
11 95 0.20789057
11 104 0.25292096
11 105 0.15881208
11 114 0.17069422
11 122 0.26527677
11 244 0.03443576
12 18 0.07332045
12 22 0.16513901
12 32 0.21424278
12 40 0.20208935
12 44 0.15859592
12 88 0.24040632
12 93 0.17607586
12 97 0.13149581
12 514 0.05080483
12 645 0.16324774
12 709 0.14404833
13 6 0.10227369
13 14 0.28047395
13 72 0.08403140
13 75 0.10105773
13 90 0.14361268
13 660 0.10073765
14 0 0.22281521
14 15 0.14003125
14 52 0.20420523
14 58 0.21074123
14 104 0.29723145
14 122 0.31123838
15 12 0.67867904
15 31 0.26566015
15 78 0.07367403
15 123 0.21096008
15 652 0.11697596
15 655 0.11838932
15 663 0.04805174
15 688 0.24625940
15 691 0.18808344
16 5 0.16353511
16 12 0.17172458
16 42 0.83853036
16 85 0.29113573
16 123 0.18099678
16 652 0.10899237
17 12 0.16217688
17 34 0.23656257
17 54 0.25219778
17 102 0.29342209
17 104 0.29949764
18 35 0.09762088
18 42 0.08070149
18 81 0.24968016
18 85 0.08071552
18 186 0.04571992
18 340 0.07609778
18 426 0.07270262
19 51 0.08088198
19 67 0.07090021
19 75 0.09087226
19 87 1.00000000
19 525 0.06875666
20 35 0.22047730
20 39 0.16404140
20 42 0.19387877
20 46 0.23501236
20 56 0.12213177
20 62 0.75389624
20 84 0.14213515
20 85 0.20623460
20 103 0.40716073
20 108 0.13257575
20 109 0.09651459
21 7 0.16954138
21 12 0.18614038
21 19 0.18368852
21 20 0.07976714
21 96 0.15506792
21 105 0.14060655
21 110 0.12289569
21 119 0.10515414
21 120 0.08893662
21 123 0.33555628
21 655 0.14434237
21 713 0.10477889
22 1 0.17637667
22 32 0.10476579
22 40 0.16399625
22 88 0.13285598
22 93 0.14775788
22 631 0.09300650
22 645 0.13093354
22 702 0.04638884
22 708 0.08095019
23 3 0.24607735
23 19 0.20272972
23 24 0.12831380
23 33 0.23875122
23 34 0.22468970
23 35 0.19434453
23 44 0.11873912
23 45 0.20220096
23 54 0.36332421
23 94 0.20598759
23 102 0.70936043
23 104 0.36386972
23 710 0.05553615
23 717 0.13794300
24 107 0.19742801
24 191 0.05708332
24 249 0.05861294
24 650 0.06076697
24 718 0.11001294
25 7 0.14583290
25 12 0.15252287
25 19 0.18765407
25 73 0.14754291
25 110 0.13605708
25 120 0.11776270
25 123 0.22090572
25 655 0.13004506
26 5 0.16854090
26 12 1.00000000
26 31 0.23034006
26 123 0.21243631
26 268 0.05124759
26 655 0.12622851
26 688 0.24769619
26 691 0.19209089
26 722 0.15362092
27 53 0.06846496
27 67 0.07338229
27 76 0.07225056
27 116 0.07354496
27 121 0.08098537
28 40 0.79447970
28 85 0.16041792
28 88 0.22342937
28 103 0.22074385
28 660 0.13650402
28 688 0.18822051
28 708 0.11905927
29 53 0.14292038
29 66 0.10960307
29 75 0.44847643
29 78 0.09207684
29 276 0.05583433
29 279 0.07073642
29 525 0.13061455
29 616 0.12421631
29 745 0.08470984
30 1 0.20488308
30 35 0.13350984
30 39 0.11018264
30 40 0.17179583
30 88 0.21421055
30 510 0.09340901
30 631 0.14362337
30 695 0.09477245
31 3 0.32256060
31 21 0.24317344
31 28 0.28378511
31 76 0.31720924
31 124 0.17783594
31 578 0.05497456
31 602 0.08969228
31 621 0.05534112
31 638 0.05720442
32 27 0.10012139
32 48 0.09164619
32 61 0.10323388
32 83 0.14455888
32 525 0.08128997
33 6 0.12052721
33 33 0.23267234
33 47 0.11062689
33 82 0.06447449
33 86 0.10146069
33 92 0.08019394
33 98 0.07541329
33 642 0.16208780
33 644 0.20215193
33 715 0.18923536
33 744 0.16506103
34 59 0.13615602
34 79 0.08965850
34 82 0.10592702
34 83 0.14419309
34 92 0.13087779
34 118 0.12500072
34 674 0.09776561
34 709 0.11434372
35 17 0.09196961
35 45 0.07610276
35 48 0.24107147
35 79 0.08091108
35 83 0.06884208
36 3 0.17261616
36 7 0.15629206
36 19 0.52163002
36 33 0.19015184
36 45 0.17451383
36 54 0.20636863
36 94 0.16383710
36 110 0.12422877
36 120 0.09774149
36 318 0.05868202
36 373 0.05522649
36 710 0.06361735
37 59 0.11794230
37 73 0.15414896
37 83 0.22982766
37 110 0.10828915
37 118 0.11996471
37 119 0.10468900
37 639 0.09711967
37 663 0.07166614
38 76 0.12218863
38 113 0.22457325
38 116 0.42253351
38 525 0.13449732
38 561 0.07899654
38 673 0.07152042
38 686 0.13166949
39 0 0.15925074
39 8 1.00000000
39 58 0.16969513
39 104 0.19921260
39 122 0.20619382
39 509 0.06070576
40 14 0.13038486
40 63 0.14321011
40 74 0.16781261
40 95 0.22530538
40 101 0.27222723
40 502 0.10668957
40 569 0.10880376
40 662 0.05978258
41 11 0.08304837
41 22 0.21604673
41 32 0.13257784
41 66 0.12103822
41 81 0.19315569
41 93 0.15808239
41 97 0.17083850
41 503 0.06736815
41 563 0.14003650
41 564 0.14240938
41 568 0.08033359
41 570 0.06880849
41 579 0.13408289
41 600 0.12980676
41 603 0.16234882
41 626 0.11722026
41 635 0.17585251
41 645 0.16839815
41 660 0.13188338
41 691 0.19289815
41 709 0.14247675
41 725 0.08633920
42 4 0.07160808
42 37 0.08462859
42 66 0.07142511
42 582 0.12703501
42 616 0.08721213
43 63 0.30928036
43 74 0.16011963
43 95 0.11384883
43 101 0.26113132
43 544 0.05602534
43 562 0.08156170
43 570 0.06945916
43 595 0.10720166
43 630 0.05029826
43 662 0.06359367
44 2 0.15085787
44 24 0.31346816
44 38 0.15418791
44 60 0.25842007
44 61 0.13059997
44 77 1.00000000
44 108 0.12905874
44 113 0.25370666
44 628 0.12332359
44 652 0.11720706
44 728 0.15488039
45 12 0.24555696
45 81 0.13414089
45 123 0.17315852
45 688 0.18442782
45 691 0.16911727
46 39 0.12453097
46 40 0.27871133
46 42 0.25986593
46 85 0.25729324
46 88 0.61745383
46 103 0.23505944
47 4 0.10720870
47 51 0.12449076
47 53 0.13074684
47 68 0.11150949
47 75 0.17275748
47 78 0.08983856
47 87 0.09345945
47 98 0.08019971
47 117 0.09554926
47 308 0.09050897
47 513 0.11970480
47 525 0.14516076
47 663 0.04834341
48 24 0.29425493
48 60 0.25013353
48 77 0.31589512
48 113 0.23307920
48 377 0.04972361
49 1 0.22983795
49 40 0.38151294
49 62 0.12686358
49 93 0.15448780
49 631 0.19699286
49 688 0.15422117
49 700 0.05490978
50 20 0.18006594
50 34 0.38852981
50 72 0.15223757
50 105 0.18712220
50 119 0.10416941
50 123 0.19092222
50 511 0.12126355
50 558 0.14048853
51 4 0.13876717
51 7 0.14816931
51 36 0.06284304
51 73 0.18663485
51 96 0.11735302
51 112 0.13728233
51 120 0.10153947
51 211 0.05985282
51 646 0.08472167
51 668 0.13629514
51 702 0.04095141
52 52 0.10638419
52 122 0.13899679
52 249 0.14262650
52 541 0.15307813
52 551 0.09578122
52 584 0.08807438
52 723 0.04659000
53 14 0.17173995
53 63 0.45196453
53 74 0.15143238
53 95 0.26756537
53 101 0.27080119
54 2 0.17046169
54 27 0.06349469
54 38 0.15571360
54 41 0.06547760
54 61 0.14016751
54 65 0.05688233
54 77 0.44837996
54 108 0.13449292
54 560 0.08229419
54 626 0.11945498
54 628 0.12068180
54 636 0.07262436
54 652 0.11211058
54 728 0.16018814
55 3 0.20897561
55 33 0.39164440
55 34 0.10861146
55 44 0.11148192
55 45 0.18704230
55 54 0.22863609
55 64 0.05594718
55 94 0.20032641
55 630 0.04527099
55 644 0.19285033
56 21 0.09858292
56 59 0.56088685
56 197 0.10198396
56 609 0.09659937
56 664 0.09454404
57 47 0.05954579
57 55 0.05733758
57 213 0.04849644
57 248 0.04723032
57 616 0.04754648
57 675 0.05269366
58 81 0.13216901
58 93 0.10495791
58 102 0.17245063
58 691 0.08575258
58 717 0.17535161
59 16 0.20109113
59 46 0.25302599
59 56 0.12134228
59 62 0.15964540
59 64 0.07205880
59 84 0.84163142
59 109 0.10032962
59 197 0.06721135
59 714 0.06655889
60 12 0.30889532
60 29 0.08947991
60 31 0.15364203
60 81 0.14384981
60 114 0.14277308
60 688 0.19191164
60 691 0.16398867
61 33 0.20176556
61 644 0.21607244
61 691 0.15366604
61 735 0.19109692
61 744 0.20562783
61 747 0.14787741
62 40 0.22426207
62 42 0.17425658
62 88 0.80974637
62 103 0.17826092
62 688 0.16064898
63 22 0.18574179
63 81 0.15378255
63 89 0.12330718
63 92 0.16039723
63 112 0.12505151
63 635 0.17918412
63 722 0.15075974
64 16 0.07809021
64 30 0.02971075
64 64 1.00000000
64 84 0.08166867
64 106 0.30623470
64 710 0.48688368
65 24 0.28484876
65 33 0.37652103
65 60 0.18883433
65 64 0.06350511
65 77 0.22215768
65 94 0.17773561
65 113 0.29605309
65 257 0.05676924
65 670 0.20344538
65 749 0.08434324
66 0 0.18182422
66 3 0.20923488
66 8 0.23198677
66 19 0.17579706
66 24 0.14717082
66 33 0.24809848
66 34 0.23598319
66 35 0.20141786
66 44 0.12209460
66 45 0.23349888
66 54 0.31171874
66 94 0.20958986
66 102 0.33846898
66 104 0.60423908
66 122 0.26065077
66 133 0.06776864
67 13 0.12489794
67 23 0.07408374
67 90 0.10627214
67 95 0.12052063
67 99 0.09962893
67 111 0.10261649
67 726 0.14412131
68 22 0.11566503
68 26 1.00000000
68 81 0.16850390
68 206 0.07164030
68 691 0.15098692
68 728 0.14677800
69 3 0.27182714
69 21 0.12608274
69 28 0.16941030
69 54 0.26120210
69 76 0.16840625
69 100 0.08154114
69 449 0.10140084
69 499 0.06244284
69 621 0.07645393
69 692 0.05165944
69 732 0.10201522
70 14 0.15195145
70 29 0.10493351
70 69 0.13667590
70 90 0.11600811
70 95 0.19085466
70 105 0.11810219
70 300 0.04510420
71 7 0.13533097
71 36 0.06229099
71 37 0.09632180
71 83 0.07509279
71 89 1.00000000
71 92 0.23561485
71 96 0.19495396
71 110 0.10185422
71 112 0.15864903
71 119 0.18031039
71 565 0.07040834
71 713 0.08106710
72 21 0.25007963
72 28 0.16714178
72 66 0.25983781
72 68 0.10583358
72 76 0.20569225
72 410 0.06247943
72 471 0.04510572
72 525 0.15334476
72 611 0.06431978
73 2 0.06839727
73 47 0.99598097
73 49 0.08120313
73 60 0.12588655
73 66 0.10348166
73 71 0.07483285
73 99 0.14722702
73 100 0.09673012
73 118 0.09946061
73 252 0.06611848
73 395 0.08316161
74 17 0.14464829
74 23 0.11432219
74 59 0.10954779
74 79 0.10700244
74 90 0.11921348
74 111 0.15724168
75 17 0.11494744
75 23 0.07114192
75 90 0.32682027
75 111 0.09363697
75 328 0.05034068
75 507 0.12492619
75 650 0.11081579
75 696 0.10031566
76 5 0.15969536
76 35 0.18713482
76 39 0.13366808
76 40 0.22554846
76 42 0.37577071
76 85 1.00000000
76 103 0.24349143
76 108 0.11568060
76 494 0.04284407
77 51 0.11700890
77 54 0.13526699
77 63 0.26785584
77 76 0.14369213
77 95 0.13460116
77 101 0.15093079
78 0 0.26885697
78 8 0.20619382
78 52 0.29728010
78 58 0.37922942
78 104 0.38026901
78 122 1.00000000
79 7 0.11817082
79 36 0.05715639
79 73 0.15550117
79 96 0.12466983
79 112 0.12289611
79 119 0.09635883
79 120 0.09002914
79 667 0.13672540
80 6 0.09561176
80 47 0.10359177
80 60 0.35896401
80 67 0.11408718
80 76 0.12478741
80 99 0.08178835
80 116 0.13853139
80 121 0.13111473
80 159 0.08841430
80 165 0.03890000
80 222 0.07545586
81 0 0.21043913
81 52 0.21087108
81 58 1.00000000
81 75 0.21001125
81 104 0.28797206
81 122 0.37922942
82 0 0.20921639
82 8 0.18814665
82 52 0.64132305
82 58 0.25658629
82 104 0.30063956
82 122 0.36531857
83 5 0.28714381
83 35 0.25045962
83 45 0.25675878
83 46 0.17483062
83 56 0.09279460
83 62 0.13212049
83 84 0.11170690
83 109 0.28296732
83 734 0.09981202
84 12 0.16099675
84 79 0.10765161
84 85 0.18473716
84 86 0.05281875
84 88 0.13388330
84 123 0.17770995
84 688 0.12402083
85 29 0.21340326
85 37 0.14967973
85 69 0.23276172
85 95 0.16697877
85 100 0.16029846
85 114 0.13396593
85 341 0.04786033
85 722 0.25271486
86 67 0.14903649
86 68 0.09905037
86 76 0.15209104
86 116 0.15620742
86 121 0.31972339
86 248 0.05499252
86 513 0.15515379
86 565 0.07688949
86 645 0.13779458
86 681 0.05495759
86 721 0.08032570
87 40 0.12094430
87 75 0.11483138
87 525 0.11514366
87 546 0.11142089
87 708 0.11420149
88 53 0.50844876
88 67 0.51802402
88 70 0.06972784
88 279 0.05197676
88 521 0.10315312
88 525 0.15328635
88 536 0.08088353
88 548 0.13120725
88 563 0.13593911
88 577 0.14740812
88 616 0.15317764
88 629 0.09786315
88 671 0.08656410
88 675 0.14856770
88 676 0.10285818
88 685 0.11976061
88 721 0.08695270
89 1 0.17499776
89 22 0.12138096
89 40 0.13940854
89 88 0.16670720
89 579 0.11235325
89 645 0.11330458
90 1 0.21698901
90 40 0.18830673
90 88 0.21213376
90 103 0.13934212
90 631 0.13031625
91 14 0.15779243
91 90 0.09088845
91 553 0.08604346
91 557 0.09926875
91 603 0.09176512
91 639 0.06988703
92 10 0.12734641
92 25 0.39159761
92 115 0.04530615
92 460 0.07621821
92 464 0.03957052
93 58 0.14842399
93 63 0.11544175
93 74 0.18976966
93 168 0.05308940
93 514 0.07705121
93 543 0.11044200
93 562 0.09657984
93 570 0.07598611
93 609 0.18321463
93 643 0.07862187
93 654 0.08744801
93 674 0.13348644
93 726 0.09967213
94 4 0.12764597
94 11 0.08134424
94 13 0.13515859
94 21 0.16802991
94 22 0.19542133
94 28 0.09969936
94 30 0.02802494
94 32 0.11767465
94 37 0.12022320
94 38 0.07873590
94 47 0.10277244
94 48 0.17386536
94 49 0.05999828
94 50 0.05582853
94 51 0.10263978
94 53 0.21866986
94 61 0.14395276
94 66 0.20997210
94 67 0.18961783
94 68 0.13541884
94 72 0.08382494
94 75 0.14716149
94 76 0.19912011
94 79 0.09246076
94 87 0.09390474
94 89 0.11508793
94 90 0.19265975
94 91 0.05894787
94 93 0.13900530
94 97 0.11642888
94 106 0.09394775
94 107 0.11519922
94 114 0.11112480
94 116 0.16466233
94 117 0.08830645
94 121 0.13071425
94 133 0.06626109
94 187 0.07168858
94 299 0.07018740
94 332 0.06610704
94 390 0.08281846
94 503 0.08834066
94 504 0.09239792
94 506 0.12093004
94 513 0.15021137
94 518 0.05624180
94 521 0.13681494
94 525 0.24684117
94 528 0.13238845
94 532 0.10769169
94 535 0.15183816
94 537 0.11815543
94 541 0.12599077
94 544 0.06063945
94 545 0.08292227
94 549 0.11335245
94 550 0.13824261
94 551 0.12557257
94 556 0.12401941
94 558 0.09359808
94 563 0.20255533
94 564 0.19719776
94 565 0.08721405
94 573 0.13531321
94 575 0.12275998
94 577 0.13866393
94 579 0.14713294
94 580 0.12058821
94 588 0.08501308
94 598 0.10465889
94 599 0.15768907
94 600 0.15950184
94 601 0.07773135
94 603 0.16221340
94 613 0.14067374
94 616 0.19593272
94 618 0.11535764
94 624 0.09289058
94 626 0.15113746
94 627 0.10695670
94 629 0.11618760
94 630 0.04910066
94 638 0.05592369
94 640 0.09873768
94 643 0.12460942
94 645 0.16035585
94 647 0.11078889
94 648 0.08038786
94 660 0.15012147
94 661 0.12870106
94 662 0.06184338
94 663 0.04497224
94 664 0.11673188
94 667 0.11359716
94 673 0.07175133
94 675 0.20759847
94 677 0.13035577
94 679 0.10346084
94 682 0.16118394
94 685 0.16056360
94 698 0.19181336
94 700 0.06846522
94 703 0.16119317
94 704 0.03752657
94 709 0.15420263
94 716 0.07214716
94 724 0.13187214
94 726 0.09483952
94 738 0.12401320
94 739 0.11426187
94 742 0.06293909
95 4 0.07468269
95 6 0.14166072
95 52 0.10578895
95 69 0.07615789
95 105 0.06649397
96 11 0.08146223
96 20 0.05349060
96 23 0.07783186
96 48 0.12544150
96 65 0.04998965
96 76 0.11986893
96 90 0.17098505
96 507 0.11093408
96 682 0.10957252
97 33 0.20544424
97 251 0.04762625
97 642 0.14438248
97 644 0.22097888
97 647 0.07928316
97 670 0.15779987
97 715 0.15378443
98 8 0.12017406
98 21 0.10474073
98 113 0.16066711
98 116 0.34279116
98 564 0.10581060
98 619 0.09770387
99 16 0.07364216
99 76 0.08641426
99 89 0.12118062
99 105 0.13453845
99 583 0.08696045
99 685 0.08318132
100 142 0.36251140
100 152 0.03698159
100 172 0.06847173
100 174 0.06167388
100 187 0.07915173
100 189 0.17969631
100 233 0.06611173
101 125 0.08855491
101 129 1.00000000
101 193 0.06531892
101 198 0.06808467
101 289 0.06278357
101 345 0.06144158
102 131 0.07611066
102 133 0.13533800
102 141 0.08298258
102 168 0.07299895
102 176 0.16855665
102 179 1.00000000
102 208 0.07584810
103 142 0.04249024
103 176 0.04710354
103 270 0.04731857
103 293 0.06156229
103 748 0.05029837
104 125 0.68291990
104 129 0.21329820
104 146 0.07108215
104 198 0.06855018
104 219 0.08783003
104 345 0.06703602
105 127 0.09508191
105 146 0.07379867
105 171 0.16017821
105 176 0.15553095
105 192 0.12986734
105 203 0.17514551
105 236 0.10015382
105 243 0.10322599
106 149 0.14217031
106 156 0.16914154
106 167 0.05815835
106 169 0.21963748
106 175 0.07308562
106 196 0.14461890
106 200 0.10875701
106 205 0.24428596
106 207 0.08338222
106 214 0.16845520
106 225 0.16951458
106 226 0.31226514
106 237 0.07299058
106 245 0.09364065
106 246 0.32200486
106 520 0.02300119
107 129 0.06986879
107 329 0.05326358
107 424 0.03590108
107 431 0.05923889
107 446 0.04657942
107 493 0.07105694
107 622 0.04521611
107 706 0.03617494
108 154 0.05819952
108 169 0.05949809
108 176 0.05911728
108 210 0.06149929
108 212 0.08184849
108 234 0.04685393
109 125 0.09870384
109 145 0.09624739
109 191 0.07009900
109 219 1.00000000
109 230 0.18107953
109 424 0.02868861
110 125 0.09387904
110 138 0.07686996
110 160 0.08060299
110 175 0.08799001
110 196 0.09493622
110 198 1.00000000
110 209 0.10214442
110 217 0.05823061
110 232 0.10574077
110 247 0.08768576
110 261 0.04667325
110 263 0.07227792
110 291 0.08459753
111 28 0.07240182
111 132 0.07720003
111 235 0.22038122
111 243 0.06740672
111 244 0.02746623
111 249 0.10538535
111 363 0.08805628
112 196 0.06322095
112 218 0.06244975
112 349 0.06670297
112 551 0.06721958
112 578 0.06490460
113 128 0.07209451
113 136 0.11785432
113 138 0.06478378
113 148 0.07067002
113 155 0.09085365
113 186 0.08663574
113 207 0.06767704
113 209 0.09636384
114 128 0.08197643
114 130 0.07416777
114 162 0.09333717
114 176 0.11035709
114 180 0.06654675
114 181 0.07967311
115 125 0.07434206
115 166 0.04708016
115 172 0.06486386
115 187 0.39100677
115 189 0.07513139
115 229 0.05129678
115 238 0.06443387
116 143 0.06492753
116 153 0.07314914
116 188 0.08119186
116 231 0.25002924
116 233 0.06732536
116 234 0.06495921
116 235 0.08621858
117 143 0.08578463
117 177 0.06941663
117 184 0.10112189
117 193 0.08242947
117 212 0.06351763
118 46 0.15912148
118 56 0.09168327
118 84 0.09649279
118 157 0.06377598
118 169 0.19313443
118 182 0.18246739
118 183 0.11168650
118 202 0.06983374
118 234 0.04466401
119 172 0.08215429
119 224 0.05196275
119 225 0.04937660
119 242 0.05792099
119 368 0.05581502
120 130 0.10378915
120 136 0.18821153
120 163 0.24975882
120 183 0.13587029
120 184 0.11892830
120 207 0.12736291
120 220 0.08169968
120 226 0.14595729
120 239 0.09063226
121 154 0.09339484
121 172 0.08306236
121 173 0.09455033
121 195 0.09130472
121 210 0.06491134
121 225 0.10915178
121 227 0.09976538
121 242 0.09418698
121 244 0.10518465
121 247 0.08026567
121 366 0.09924038
121 699 0.08318769
122 46 0.15014521
122 127 0.09863306
122 169 0.13910235
122 176 0.15526188
122 177 0.05391841
122 182 1.00000000
122 192 0.14820299
122 236 0.11069207
123 128 0.07432186
123 130 0.08796308
123 166 0.05198453
123 177 0.05334827
123 194 0.12547627
123 206 0.06231620
123 240 0.08253103
123 245 0.08577350
123 520 0.02524092
124 125 0.09758207
124 187 0.38383355
124 189 0.07436486
124 229 0.14560508
124 238 0.07635808
125 206 0.07862349
125 210 0.07116090
125 240 0.06602578
125 247 0.05520498
125 562 0.08808376
126 167 0.10556524
126 202 0.06312771
126 217 0.06131625
126 219 0.24347771
126 230 0.15335471
127 123 0.09206517
127 165 0.04272996
127 211 0.04760491
127 227 0.10723212
127 366 0.06765168
127 557 0.08459351
127 596 0.08040481
127 603 0.08205163
128 183 0.07339530
128 198 0.36397540
128 207 0.12229823
128 209 0.07450398
128 261 0.06456721
128 291 0.12827989
128 622 0.04555176
129 125 0.07883866
129 144 0.05645445
129 191 0.08593674
129 195 0.07774084
129 206 0.06293261
129 221 0.09426746
129 228 0.13010676
129 229 0.07210228
130 125 0.06911225
130 141 0.07325156
130 146 0.07839994
130 192 0.10813270
130 328 0.06944699
131 136 0.13681604
131 137 0.09425374
131 163 0.11942547
131 167 0.05581477
131 184 0.09194822
131 203 0.05683753
131 215 0.07416978
131 216 0.08687815
131 219 0.19174781
131 220 0.09985187
131 230 0.11218620
131 238 0.08301625
132 140 0.12360894
132 155 0.08230598
132 176 0.08577887
132 210 0.13110458
132 227 0.09049437
133 126 0.07725093
133 162 0.14546047
133 180 0.09372804
133 200 0.10325559
133 239 0.13557927
133 241 0.08439562
133 706 0.04038197
134 129 0.24841884
134 172 0.06834078
134 198 0.14687882
134 236 0.06776746
134 345 0.07813463
135 139 0.05724570
135 164 0.08189292
135 217 0.06742282
135 235 0.05570588
135 692 0.05621033
136 4 0.06124084
136 175 0.11135674
136 243 0.05390919
136 272 0.05464060
136 346 0.08688614
136 414 0.06281493
136 574 0.05324200
136 700 0.07005362
137 144 0.04514719
137 191 0.59893682
137 270 0.06543609
137 323 0.04681310
137 334 0.04943188
138 132 0.09362312
138 137 0.07009851
138 147 0.09802611
138 176 0.10382829
138 195 0.09711486
138 203 0.10254235
138 215 0.08266749
138 216 0.11831418
138 221 0.07673738
138 226 0.09920695
138 233 0.10903819
138 239 0.09127927
138 243 0.05488732
138 246 0.13550951
139 126 0.09727115
139 159 0.06664718
139 162 0.12717952
139 180 0.09063162
139 193 0.07843564
139 235 0.23183206
139 729 0.03978631
140 125 0.08342820
140 188 0.06487836
140 191 1.00000000
140 207 0.08294101
140 219 0.07009900
141 144 0.14673446
141 155 0.07552812
141 157 0.08416567
141 175 0.06626119
141 224 0.62015093
142 127 0.10341291
142 128 0.11290835
142 144 0.05553673
142 145 0.10132848
142 148 0.06994267
142 152 0.04827675
142 155 0.09303770
142 172 1.00000000
142 173 0.13454239
142 181 0.10557695
142 182 0.07987532
142 187 0.09549622
142 196 0.06908814
142 200 0.11135846
142 212 0.11663928
142 214 0.08428936
142 225 0.10584827
142 227 0.10018483
142 242 0.10316841
142 245 0.12058219
142 247 0.05404053
143 133 0.06949125
143 143 0.07266992
143 147 0.08949699
143 153 0.06668929
143 161 0.08863035
143 178 0.07895923
143 199 0.23503645
143 201 0.07335236
143 215 0.10967194
143 216 0.07559461
143 223 0.08362534
143 224 0.06472784
143 231 0.06164477
143 233 1.00000000
143 242 0.13639797
143 245 0.08687997
143 361 0.04938928
143 745 0.04892438
144 129 0.14636759
144 141 0.08785663
144 146 0.08059852
144 236 0.06135587
144 289 0.07265042
145 21 0.05273073
145 76 0.05895671
145 140 0.07269050
145 212 0.05521727
145 352 0.05422284
146 6 0.05027814
146 140 0.08791213
146 179 0.07718107
146 315 0.05055822
146 401 0.04776985
146 706 0.03557362
147 128 0.08071812
147 130 0.10611980
147 132 0.11068180
147 138 0.06761151
147 144 0.06192225
147 158 0.05284576
147 167 0.06267475
147 175 0.07337068
147 176 0.13498686
147 189 0.08120369
147 194 0.08464181
147 196 0.07446211
147 202 0.06210276
147 205 0.09147910
147 213 0.08648239
147 226 0.11962519
147 238 0.07507199
147 240 0.13556232
147 245 0.11764813
147 246 0.14866978
148 153 0.07682162
148 160 0.07770944
148 349 0.11387124
148 411 0.07978290
148 486 0.08274975
148 487 0.09861846
148 494 0.04682608
149 131 0.07761690
149 170 0.08483711
149 222 0.06786148
149 368 0.05347717
149 748 0.05576606
150 149 0.18462854
150 156 0.15678703
150 169 0.11826960
150 176 0.14257461
150 192 0.10750731
150 205 0.16678350
150 208 0.08146903
150 214 0.08761432
150 226 0.21048319
150 246 0.20055817
151 140 0.12194821
151 142 0.04757567
151 154 0.13485916
151 241 0.04544468
151 244 0.08825503
152 172 0.10106321
152 186 0.05948773
152 195 0.14726272
152 209 0.12389681
152 214 0.06837810
152 227 0.12898282
152 232 0.21973236
152 237 0.06963162
152 447 0.03296275
153 175 0.06658124
153 178 0.09693921
153 185 0.06857621
153 206 0.51797410
153 246 0.07584983
153 378 0.05867648
154 171 1.00000000
154 176 0.06421017
154 192 0.10737723
154 308 0.08537624
154 672 0.06974747
155 136 0.13406632
155 137 0.20854089
155 147 0.06633958
155 151 0.05815253
155 163 0.15282124
155 174 0.06940859
155 184 0.06419068
155 208 0.10546943
155 213 0.25336948
155 220 0.12389487
155 224 0.06626112
155 229 0.08203331
155 230 0.07750841
156 130 0.13351273
156 166 0.04844831
156 181 0.07437856
156 194 0.06336868
156 240 0.14267199
156 255 0.08152998
157 109 0.05858382
157 131 0.10627617
157 145 0.05673190
157 179 0.06358708
157 208 0.05809904
158 22 0.05233019
158 163 0.07904749
158 183 0.06045332
158 207 0.05253835
158 225 0.12695944
159 195 0.10738570
159 209 0.12024971
159 227 0.10888115
159 232 0.13245750
159 398 0.05617012
159 602 0.07117472
160 171 0.05360021
160 203 0.12223705
160 228 0.04994916
160 243 1.00000000
160 390 0.05229471
160 622 0.04532588
161 126 0.07807164
161 136 0.09082117
161 138 0.07274823
161 142 0.10371941
161 171 0.06155555
161 177 0.07240454
161 209 0.07802024
162 159 0.08881340
162 185 0.06318234
162 201 0.42054161
162 242 0.08765839
162 249 1.00000000
162 318 0.06583863
162 395 0.08066473
162 714 0.06646171
163 128 0.08706028
163 132 0.11777796
163 133 0.07952886
163 137 0.06482765
163 138 0.10043389
163 140 0.12077945
163 142 0.08398445
163 144 0.08131476
163 145 0.10939080
163 147 0.07107054
163 148 0.07839388
163 153 0.09354813
163 154 0.07517688
163 155 0.10619042
163 156 0.06328389
163 157 0.06210337
163 160 0.07114564
163 167 0.08221004
163 172 0.10386624
163 173 0.07044303
163 176 0.13035040
163 178 0.09817444
163 179 0.08553513
163 181 0.08529382
163 184 0.08061170
163 186 0.05605252
163 188 0.06693236
163 189 0.08752540
163 193 0.09298140
163 195 0.12630387
163 199 0.08266538
163 200 0.12059415
163 202 0.05743939
163 205 0.08881206
163 209 0.11079877
163 210 0.09022524
163 213 0.08893024
163 215 0.10807562
163 220 0.08900816
163 221 0.08808381
163 224 0.06659615
163 227 0.12789840
163 230 0.06161580
163 232 0.10664664
163 233 0.12368582
163 235 0.10570536
163 237 0.10696213
163 239 0.11904872
163 240 0.11891242
163 241 0.06886207
163 242 0.12300687
163 245 0.09248673
163 246 0.12828653
164 82 0.03583646
164 134 1.00000000
164 139 0.11480969
164 140 0.10439070
164 217 0.06820577
164 644 0.07610095
165 145 0.69597785
165 155 0.06071762
165 172 0.07691825
165 219 0.07527435
165 242 0.05937230
166 143 0.07943542
166 161 0.12203076
166 199 0.31791140
166 201 0.07303722
166 223 0.12373649
166 233 0.59935343
166 242 0.08983525
166 346 0.04159725
166 729 0.03835064
167 143 0.43757013
167 161 0.69172539
167 199 0.62455107
167 201 0.18928996
167 223 0.89437443
167 225 0.09207351
168 128 0.09230449
168 130 0.09981011
168 132 0.08116957
168 134 0.14765231
168 172 0.12941895
168 173 0.24234903
168 181 0.16071055
168 194 0.07952884
168 210 0.06811169
168 240 0.10096224
168 246 0.11548980
168 249 0.07420279
169 36 0.04967359
169 139 0.10051499
169 145 0.08538289
169 179 0.08436273
169 221 0.24086877
169 246 0.07658755
170 124 0.06441469
170 141 0.09498999
170 178 0.06932808
170 414 0.06892186
170 654 0.05635017
171 139 0.09714446
171 146 0.08141150
171 179 0.10211592
171 188 0.07840547
171 193 0.10014314
171 208 0.10549432
171 209 0.10547260
171 232 0.11386526
171 237 0.07999024
171 238 0.07526477
172 126 0.10958589
172 142 0.08101895
172 159 0.06291739
172 162 0.12348005
172 176 0.12271345
172 180 0.15207733
172 193 0.08093324
172 234 0.03469247
172 235 0.12847223
173 151 0.07118092
173 165 0.04963704
173 174 0.09539049
173 178 0.07384871
173 189 0.09375606
173 213 0.07230371
173 248 0.04959835
174 125 0.08802883
174 134 0.07869227
174 145 0.08687990
174 474 0.07335897
174 567 0.10020305
175 170 1.00000000
175 185 0.67527933
175 222 0.07900782
175 268 0.07395279
175 749 0.06801075
176 125 0.07998352
176 130 0.11249858
176 151 0.05680278
176 240 0.10240981
176 245 0.08446935
176 247 0.08616856
177 134 0.10469669
177 212 0.09721325
177 214 0.06179749
177 217 0.05485730
177 224 0.07586887
177 235 0.06965551
177 346 0.05839377
177 597 0.05256720
178 157 0.06856995
178 178 0.07891201
178 183 0.07980741
178 190 0.44034202
178 232 0.07809598
178 237 0.13205541
179 55 0.06393461
179 134 0.15592383
179 146 0.07133829
179 164 0.06148079
179 216 0.07359484
179 219 0.08148274
179 744 0.07084910
180 125 0.09642057
180 145 0.60883765
180 148 0.07341560
180 171 0.07271893
180 192 0.09477736
180 219 0.20090097
180 227 0.07523273
181 154 0.07179986
181 205 0.05262991
181 212 0.12576922
181 214 0.06495413
181 625 0.05856923
182 128 0.07774684
182 130 0.05673513
182 194 0.06072735
182 240 0.07217458
182 616 0.05627609
183 139 0.08656190
183 155 0.08529022
183 183 0.07282291
183 193 0.07316440
183 205 0.08678959
184 125 0.08080204
184 155 0.11905128
184 200 0.32163659
184 241 1.00000000
184 244 0.13370747
185 135 0.05786920
185 142 0.06741573
185 177 0.05284875
185 181 0.06400598
185 211 0.08067929
185 218 0.06530715
185 675 0.06872586
186 125 1.00000000
186 139 0.08450546
186 176 0.10541947
186 188 0.06571096
186 189 0.09168613
186 191 0.08342820
186 192 0.09368202
186 193 0.07891233
186 194 0.06840205
186 198 0.09387904
186 219 0.09870384
186 229 0.05797712
186 236 0.08111824
186 241 0.08080204
187 125 0.07955841
187 127 0.11322630
187 139 0.07739970
187 140 0.06885431
187 150 0.05124716
187 238 0.07584910
188 4 0.05104173
188 175 0.07953023
188 329 0.05658929
188 476 0.06036967
188 672 0.04566879
189 149 0.09432933
189 156 0.09370178
189 157 1.00000000
189 183 0.07381328
189 202 0.06766675
190 125 0.19047350
190 129 0.09024774
190 131 0.07402483
190 141 0.09759602
190 145 0.16952527
190 146 0.09126341
190 155 0.10364141
190 179 0.15213396
190 191 0.11773135
190 198 0.10909223
190 208 0.08741010
190 219 0.18848791
190 236 0.07006735
191 126 0.08340786
191 142 0.09602458
191 149 0.05512763
191 151 0.05331541
191 153 0.09296224
191 162 0.14131143
191 176 0.10605082
191 188 0.31394185
191 203 0.08364780
191 211 0.08452836
191 228 0.11510319
191 234 0.09558517
191 239 0.09931531
192 125 0.08460223
192 127 0.09173538
192 176 0.15472107
192 192 0.07693673
192 373 0.05881477
192 377 0.07517027
193 59 0.08821575
193 152 0.26127966
193 166 0.68459270
193 189 0.07957946
193 197 0.91369655
194 132 0.05974319
194 172 0.06043636
194 187 0.05920014
194 194 0.08510169
194 254 0.06137156
195 173 0.05677380
195 198 0.06118333
195 222 0.06605967
195 233 0.06222215
195 472 0.06438334
195 652 0.07443403
196 137 0.08472962
196 147 0.08282117
196 215 0.69797061
196 216 0.10470670
196 220 0.12390909
196 233 0.09569674
196 242 0.15164951
197 136 0.15256605
197 155 0.08237045
197 163 0.08409675
197 231 0.06313940
197 239 0.08797450
197 241 0.08559214
197 518 0.06411421
197 749 0.07372746
198 204 1.00000000
198 251 0.08285820
198 277 0.05857197
198 355 0.05932154
198 654 0.05182446
199 155 0.07322842
199 181 0.06437606
199 489 0.06286032
199 644 0.06405906
199 720 0.09047619
200 259 0.10512086
200 275 0.26270743
200 285 0.17620679
200 302 0.09811079
200 355 0.13633247
200 370 0.12741934
201 89 0.04948954
201 90 0.04324860
201 106 0.05465236
201 492 0.14728837
201 656 0.10288178
202 253 0.09814152
202 272 0.05883984
202 278 0.14134137
202 287 0.22182966
202 305 0.16527028
202 327 0.23846517
202 371 0.12673346
203 254 0.07209111
203 294 0.07751088
203 308 0.10711084
203 322 0.05155812
203 337 0.08984294
203 341 0.08433429
203 358 0.08097987
203 364 0.18460775
204 259 0.47598983
204 264 0.52943050
204 285 0.49528615
204 363 0.34799241
204 625 0.07041062
205 342 0.07223185
205 349 0.33038536
205 366 0.05021923
205 479 0.04852788
205 563 0.04660271
206 260 0.11872951
206 276 0.05664946
206 286 0.13155048
206 333 0.14007651
206 337 0.14666735
206 368 0.09438112
206 427 0.10955650
207 257 0.05588360
207 270 0.06019256
207 292 0.06033469
207 337 0.08802539
207 352 0.07862749
207 504 0.10573352
208 253 0.07215137
208 284 0.06367382
208 285 0.10565952
208 300 0.04405132
208 310 0.10641646
208 316 0.05015519
208 355 0.13682497
209 252 0.45705415
209 253 0.25128878
209 281 0.41505373
209 298 0.10856601
209 301 0.28435299
209 309 0.07024674
209 325 0.29212754
209 360 0.11508531
209 369 0.27244043
210 275 0.12343237
210 283 0.09875388
210 285 0.20553182
210 320 0.43230666
210 323 0.18302021
210 327 0.16824738
210 339 0.26079510
210 354 0.21769176
210 370 0.21017040
211 287 0.06974382
211 310 0.11010190
211 313 0.06974220
211 339 0.09218369
211 368 0.06531402
212 253 0.05495866
212 268 0.06655323
212 295 0.06718153
212 317 0.06049162
212 323 0.08362351
213 94 0.08245963
213 258 0.06497119
213 270 0.11491041
213 272 0.05612186
213 369 0.47491813
213 651 0.09062850
214 295 1.00000000
214 296 0.07321530
214 309 0.06278212
214 525 0.06944398
214 645 0.08764116
215 273 0.04516415
215 287 0.05258017
215 298 0.04961230
215 333 0.05096187
215 337 0.07786465
215 366 0.05165800
215 437 0.04934473
216 187 0.05290912
216 254 0.11765383
216 295 0.10050279
216 296 0.26996467
216 348 0.10932941
217 277 0.08405480
217 352 0.05655908
217 355 0.07455879
217 362 0.05338620
217 368 0.06019944
218 98 0.07647995
218 292 0.05654250
218 296 0.13549444
218 311 0.05692504
218 337 0.09693758
218 723 0.04888454
219 260 0.34720564
219 276 0.06337206
219 278 0.09516250
219 280 0.05648102
219 287 0.20643139
219 292 0.08667748
219 299 0.10182900
219 305 0.18740871
219 309 0.07537477
219 310 0.11466362
219 326 0.06958735
219 327 0.40823310
219 332 0.11232985
219 342 0.12977236
219 367 0.04726932
219 371 0.13781128
220 21 0.08467370
220 135 0.11430208
220 310 0.07880252
220 616 0.07683878
220 739 0.08015370
221 254 0.10074468
221 260 0.20268064
221 262 0.07811157
221 285 0.12397232
221 333 0.22934121
221 345 0.06040513
221 355 0.15657347
221 356 0.06479188
221 358 0.08545698
222 100 0.07175588
222 265 1.00000000
222 273 0.22589832
222 338 0.14012143
222 347 0.17699612
222 348 0.19945952
223 262 0.06978811
223 271 0.05448280
223 281 0.06159479
223 325 0.06242226
223 337 0.19554746
223 340 0.04674666
223 358 0.11755745
224 284 0.08710801
224 285 0.12141046
224 319 0.11474368
224 339 0.10583192
224 363 0.24689292
224 370 0.11578797
225 249 0.06801559
225 273 0.04639463
225 289 0.12399755
225 294 0.07686129
225 301 0.75634498
225 302 0.12836406
226 258 0.06959647
226 270 0.12600319
226 283 0.07103443
226 291 0.06144389
226 293 0.23832243
226 297 0.09494192
226 300 0.07787507
226 323 0.12809354
226 325 0.06769851
226 332 0.06757979
226 334 0.06266151
226 335 0.15024495
226 336 0.15717212
226 350 0.22934451
226 362 0.06431033
226 371 0.08517713
227 259 0.06947880
227 278 0.09841972
227 287 0.48638246
227 317 0.09035254
227 324 0.09536803
227 327 0.21251665
227 332 0.12968280
227 339 0.13091022
227 342 0.07890467
227 345 0.06788444
227 358 0.09108007
227 359 0.12157458
227 371 0.17636419
228 254 0.11064332
228 271 0.21771050
228 276 0.10235745
228 279 0.17531102
228 749 0.10320641
229 260 0.47735243
229 333 0.37896509
229 351 0.07001062
229 367 0.06804704
229 368 0.07207258
229 427 0.07298957
230 47 0.10851191
230 231 0.06365492
230 252 0.06866457
230 275 0.09308997
230 280 0.05896827
230 281 0.08330705
230 288 0.10353850
230 299 0.10094593
230 310 0.10445387
230 313 0.08696811
230 315 0.07243492
230 326 0.06638107
230 344 0.06132592
230 351 0.07381548
230 361 0.05673143
230 367 0.05175812
230 373 0.05434027
230 374 0.11064127
230 535 0.10809859
231 259 0.15258342
231 263 0.08589848
231 264 0.07390226
231 266 0.08102508
231 269 0.10677059
231 275 0.20909023
231 284 0.16343557
231 285 0.13603884
231 307 0.06688569
231 314 0.09899692
231 319 0.08093805
231 352 0.08213644
231 367 0.05166038
231 370 0.09901661
231 374 0.05477285
232 280 0.05377047
232 287 0.07447124
232 299 0.07407478
232 303 0.06803839
232 305 0.08567894
232 310 0.12818514
232 312 0.07223014
232 313 0.09189651
232 315 0.09917993
232 316 0.04932720
232 318 0.07249825
232 322 0.05163474
232 622 0.07021911
233 253 0.25493802
233 281 0.44282658
233 298 0.13359891
233 301 0.31720722
233 309 0.06092764
233 320 0.26774486
233 323 0.16239148
233 325 0.31475452
233 354 0.19426909
233 360 0.12450810
233 369 0.29765810
234 265 0.12057176
234 294 0.52569929
234 328 0.08427808
234 338 0.12325309
234 348 0.09950945
234 364 0.09912579
235 48 0.06253981
235 150 0.05245363
235 319 0.05581738
235 419 0.05675511
235 535 0.05410669
235 564 0.05502735
236 266 0.11528217
236 280 0.17521152
236 282 0.27237486
236 306 0.12999762
236 335 0.87438531
236 347 0.19019305
236 350 0.12115668
236 354 0.26139300
236 372 0.21337522
237 86 0.04959491
237 268 0.06206395
237 274 0.07571067
237 295 0.09241917
237 337 0.11984395
237 340 0.06881074
237 344 0.12011732
237 360 0.06469719
238 170 0.08454491
238 268 0.80226706
238 271 0.09954936
238 311 0.04993848
238 323 0.15976434
238 331 0.03228343
238 337 0.09868651
238 360 0.36924591
239 260 0.20438120
239 327 0.05858872
239 333 0.10630775
239 472 0.05872545
239 624 0.06280373
240 205 0.09933186
240 270 0.30206887
240 287 0.07753914
240 339 0.10853117
240 359 0.14681889
241 18 0.06730382
241 48 0.10344894
241 324 0.19514988
241 372 0.08653859
241 514 0.05576885
241 525 0.07802080
241 675 0.07665352
242 266 0.16936787
242 306 0.17319334
242 320 0.06751090
242 335 0.20809765
242 337 0.07851443
242 344 0.05613852
242 347 0.26330902
242 597 0.04485568
243 76 0.07105665
243 171 0.05994197
243 292 0.10181301
243 321 0.08107119
243 327 0.07221854
243 349 0.09860006
244 255 0.12059991
244 264 0.06635958
244 279 0.12241663
244 292 0.09732083
244 302 0.09377761
244 303 0.12924519
244 311 0.07082732
244 313 0.11293636
244 315 0.09014905
244 343 0.13433998
244 368 0.10466980
245 265 0.09577467
245 269 0.07313759
245 338 0.09621367
245 347 0.07862624
245 348 0.09817125
245 712 0.05229343
246 256 0.05768581
246 264 0.06495081
246 282 0.07844035
246 284 0.08456904
246 293 0.13773172
246 323 0.13839723
246 336 0.15766571
246 339 0.13990353
246 359 0.16332089
246 729 0.22128768
247 257 0.07834086
247 274 0.07818821
247 293 0.06946894
247 295 0.07247171
247 398 0.05147255
247 532 0.07240318
247 675 0.07999703
248 253 0.07223401
248 310 0.12330966
248 361 0.05430817
248 398 0.04611180
248 435 0.06411651
248 522 0.08710875
248 682 0.07111946
248 748 0.08498861
249 253 0.07288298
249 310 0.08341183
249 337 0.10243996
249 370 0.07362821
249 431 0.09873243
250 30 0.03029428
250 288 0.05425307
250 292 0.06873579
250 311 1.00000000
250 334 0.07814123
250 337 0.11615644
250 355 0.06345914
251 266 0.12335682
251 305 0.28339542
251 306 0.13341068
251 335 0.77866766
251 347 0.20286990
251 350 0.08151057
251 365 0.27881486
252 324 0.07123961
252 374 0.05320027
252 564 0.09605078
252 660 0.06582346
252 687 0.07958528
252 689 0.07799432
253 283 0.06679230
253 316 0.42918621
253 320 0.46076662
253 323 0.22179827
253 327 0.17541576
253 354 0.23221108
253 367 0.05428838
254 131 0.07453485
254 288 0.07467982
254 330 0.17940502
254 344 0.05763585
254 564 0.07032439
254 749 0.07150479
255 197 0.07582334
255 275 0.07683855
255 283 0.04374857
255 310 0.10732877
255 320 0.25706929
255 323 0.11271608
255 327 0.14191262
255 331 0.03723099
255 339 0.14962392
255 354 0.10074985
256 107 0.04151261
256 115 0.04013605
256 203 0.04980580
256 499 0.04561459
256 695 0.03867082
257 273 0.08885098
257 277 0.06537931
257 289 0.07182715
257 301 0.27985482
257 331 0.05248194
257 336 0.17682226
257 649 0.06812768
258 249 0.04485905
258 301 0.10802727
258 302 0.12355319
258 370 0.04153921
258 476 0.03886062
259 253 0.06694793
259 280 0.05831070
259 313 0.07224908
259 351 0.08296615
259 355 0.07140978
259 356 0.05904184
259 374 0.06150308
259 428 0.07192306
260 274 0.06559442
260 289 0.07110077
260 295 0.07740381
260 307 0.10028101
260 310 0.09516975
260 316 0.06279754
260 323 0.09869732
260 337 0.08540020
260 362 0.07702225
260 368 0.09769104
261 204 0.06253660
261 213 0.07061262
261 251 0.05528536
261 254 0.10520702
261 262 0.07134452
261 271 0.07285956
261 277 0.06683099
261 294 0.13108341
261 317 0.09861724
261 321 0.06904366
261 333 0.07943212
261 358 0.09105914
262 265 0.12460274
262 338 0.11801135
262 343 0.07768128
262 347 0.09719292
262 348 0.12336754
263 204 0.05648725
263 250 0.07688905
263 251 0.35187176
263 262 0.12618634
263 297 0.10605677
263 319 0.06462734
263 321 0.08935820
263 329 0.07253491
263 352 0.07452487
263 356 0.12638078
264 204 0.03983255
264 262 0.06904088
264 281 0.05188900
264 297 0.07599771
264 356 0.09532853
264 697 0.05538639
265 252 0.06414828
265 307 0.06595112
265 317 0.07052928
265 426 0.16859486
265 453 0.06262203
266 253 0.10476907
266 274 0.06607605
266 290 0.07210937
266 292 0.15646897
266 299 0.07455514
266 307 0.07758178
266 309 0.05945163
266 310 0.13693045
266 318 0.06733857
266 321 0.09613608
266 327 0.11266365
266 329 0.08018946
266 330 0.06476453
266 337 0.13899005
266 349 0.09046883
266 352 0.09824267
266 361 0.05152123
266 366 0.06035191
266 369 0.10831589
266 651 0.08477142
267 3 0.12114980
267 124 0.10998895
267 211 0.05390191
267 228 0.10648093
267 339 0.13685864
267 346 0.04071379
267 348 0.14007522
267 361 0.05955248
267 733 0.05240731
268 250 0.52339721
268 282 0.19980568
268 290 0.07572284
268 319 0.13379820
268 336 0.13251275
268 343 0.15256853
268 723 0.04693549
269 170 0.07517716
269 267 0.12884064
269 312 0.14422809
269 335 0.07194562
269 339 0.13414235
269 353 0.13966146
269 359 0.16393088
270 274 0.09685710
270 286 0.14657221
270 291 0.06216541
270 295 0.12978438
270 296 0.32903102
270 298 0.19106514
270 348 0.14167037
271 190 0.04366473
271 292 0.32984809
271 307 0.06587648
271 308 0.08623147
271 311 0.06252089
271 313 0.08252288
271 337 0.12564222
271 357 0.04184613
271 364 0.08470824
272 283 0.07516283
272 324 0.29921184
272 485 0.05153085
272 568 0.05124845
272 601 0.05489888
273 95 0.07929558
273 250 0.32986047
273 255 0.10329015
273 260 0.09924767
273 322 0.05344379
273 348 0.09899931
273 365 0.06361387
274 212 0.08474166
274 252 0.21519214
274 253 0.06314120
274 511 0.07900832
274 522 0.07492562
275 190 0.04139628
275 258 0.11314420
275 277 0.06016286
275 321 0.11671561
275 350 0.06094053
275 357 0.08836013
276 258 0.09269265
276 270 0.09153857
276 290 0.05648306
276 327 0.08467077
276 332 0.10809181
276 342 0.11465043
276 357 0.06971893
277 258 0.08539147
277 269 0.12395821
277 286 1.00000000
277 298 0.12881152
277 304 0.08160435
277 306 0.09042971
277 314 0.07642919
277 317 0.08646053
277 357 0.06048968
278 290 0.06478046
278 298 0.06294146
278 337 0.07378898
278 358 0.06137160
278 697 0.05943696
279 256 0.12831034
279 271 0.20811166
279 292 0.04268591
279 337 0.04906174
279 366 0.10644389
280 299 0.06175840
280 305 0.39605402
280 365 0.38783544
280 595 0.08982436
280 679 0.05180542
281 43 0.08299258
281 170 0.10285917
281 253 0.09671569
281 267 0.19719010
281 312 0.35006943
281 316 0.04913325
281 342 0.18040823
281 350 0.07540319
281 353 0.12545507
281 522 0.08992252
282 256 0.07229641
282 258 0.06860099
282 259 0.06709179
282 264 0.06790082
282 269 0.11439543
282 270 0.13697279
282 272 0.35727908
282 284 0.12624029
282 288 0.06603079
282 290 0.05958988
282 304 0.08547717
282 314 0.10974562
282 326 0.07203222
282 352 0.09063606
282 355 0.08419379
282 368 0.08905597
283 256 0.06435020
283 269 0.16991116
283 286 0.28141367
283 298 0.19122523
283 304 0.07237618
283 314 0.47319204
283 343 0.10796418
283 350 0.09337660
283 364 0.12491184
284 250 0.08659054
284 261 0.33584345
284 297 0.07424660
284 329 0.07421464
284 330 0.15711820
284 337 0.08391561
284 372 0.60114864
284 450 0.07908578
285 135 0.07602144
285 168 0.05451396
285 302 0.10551508
285 303 0.14708287
285 304 0.19678291
285 313 0.12437014
285 315 0.08687463
285 322 0.05205425
286 154 0.08364883
286 227 0.08632536
286 285 0.12941410
286 355 0.16932757
286 362 0.12562239
286 368 0.10339165
287 69 0.07209141
287 269 0.05269232
287 314 0.05538748
287 340 0.04586088
287 372 0.06337955
287 492 0.07022220
288 148 0.07632745
288 281 0.13694998
288 301 0.09955084
288 318 0.06099541
288 325 0.11254896
288 360 0.10380977
288 369 0.11463939
288 427 0.08888086
289 205 0.07772778
289 263 0.06952508
289 270 0.24734165
289 305 0.40054361
289 365 0.39635443
290 267 0.42861427
290 312 0.35964920
290 342 0.18215733
290 353 0.36366746
290 430 0.08614876
291 151 0.07192627
291 270 0.06740224
291 272 0.05146284
291 306 0.05521333
291 326 1.00000000
291 370 0.11018568
291 532 0.06671503
292 282 0.06610115
292 293 0.07417329
292 323 0.13002173
292 336 0.07162339
292 380 0.07037812
293 152 0.04566481
293 250 0.06182909
293 305 0.37967142
293 365 1.00000000
293 646 0.05221565
294 265 0.20684488
294 266 0.06567383
294 294 0.57267074
294 328 0.09538200
294 338 0.11576502
294 347 0.16494721
294 348 0.19480455
294 364 0.09287563
295 288 0.05463429
295 296 0.08714511
295 339 0.15145089
295 351 0.16973127
295 359 0.16730152
295 372 0.07987966
296 250 0.06880918
296 255 0.47175564
296 277 0.12835044
296 297 0.08875804
296 308 0.10315295
296 341 0.23446918
296 364 0.25887593
296 697 0.08994259
297 278 0.39734720
297 337 0.06897136
297 349 0.06095331
297 487 0.06917413
297 740 0.05933167
298 260 0.53609407
298 278 0.12193922
298 287 0.15942216
298 300 0.04329327
298 305 0.13156049
298 327 0.16162503
298 371 0.12801541
299 256 0.05412156
299 263 0.06661387
299 265 0.11804987
299 269 0.10530765
299 284 0.09868467
299 286 0.09666280
299 304 0.46048502
299 314 0.09569868
299 317 0.07000660
299 347 0.10624431
299 348 0.12064818
299 562 0.09249488
300 406 0.06490050
300 444 0.06751340
300 455 0.18572743
300 468 0.15309300
300 497 0.08479602
301 384 0.08799653
301 394 0.08358472
301 399 0.25409012
301 410 0.05742341
301 414 0.08376054
301 415 0.18737926
301 417 0.09112413
301 433 0.11917443
301 443 0.13861815
301 454 0.38911872
301 458 0.12378973
301 471 0.04488667
301 485 0.09819649
301 491 0.26879383
301 562 0.08775057
302 391 0.06562137
302 413 0.10524688
302 419 0.12163664
302 430 0.10571463
302 440 0.18262491
302 445 0.47177882
302 465 1.00000000
302 477 0.58392813
302 483 0.15050525
303 159 0.07950308
303 222 0.07439923
303 334 0.04798486
303 394 0.08525123
303 399 0.34175145
303 415 0.28183692
303 418 0.10547100
303 422 0.10049670
303 433 0.13880389
303 436 0.11050413
303 442 0.21927819
303 454 0.11918746
303 495 0.16884557
304 185 0.07634014
304 385 0.06800309
304 389 0.07552025
304 400 0.07406424
304 444 0.07957899
304 475 0.08641431
305 383 0.09567254
305 387 0.07883879
305 429 0.09732251
305 437 0.07616317
305 471 0.08750639
306 160 0.07136257
306 411 0.06551787
306 423 0.11299173
306 448 0.11773723
306 458 0.10212860
306 459 0.08773144
306 462 0.07290249
306 486 0.10059980
306 564 0.09569564
307 57 0.07426244
307 389 0.27036838
307 404 0.10849545
307 408 0.11760877
307 431 0.28801587
307 442 0.13728910
307 448 0.15853489
307 456 0.15534296
307 468 0.11109491
307 491 0.07102897
308 376 0.12876481
308 415 0.09626284
308 431 0.08369693
308 433 0.10631878
308 448 0.11017292
308 482 0.17196700
309 394 0.09479725
309 399 0.48332576
309 414 0.09541500
309 415 0.49351531
309 433 0.16183641
309 442 0.23904118
309 453 0.09495731
309 476 0.39128743
309 493 0.08038980
310 349 0.06532668
310 375 0.07208575
310 400 0.07562391
310 486 0.10153705
310 487 0.07553910
311 150 0.04714820
311 437 0.11485118
311 440 0.19949507
311 445 0.43715252
311 465 0.43472221
311 477 0.62614025
312 18 0.06379884
312 386 1.00000000
312 453 0.10641118
312 463 0.13709030
312 489 0.10806708
312 496 0.10934137
312 538 0.08114328
313 409 0.13910152
313 434 0.09293349
313 467 0.16824425
313 481 0.15436548
313 490 0.14687920
314 388 0.09051754
314 408 0.10639899
314 427 0.10893157
314 432 0.32818593
314 444 0.09490108
314 447 0.02708591
314 448 0.09977895
314 451 0.38959234
314 485 0.09518315
314 533 0.07588309
315 382 0.07456599
315 402 0.15196119
315 404 0.07282431
315 409 0.14694054
315 417 0.07290178
316 388 0.16088591
316 393 0.07102759
316 397 0.14388984
316 413 1.00000000
316 419 0.08901068
316 430 0.10379394
316 444 0.11289943
316 445 0.12708010
316 465 0.10524688
316 485 0.18655787
316 496 0.17460228
317 363 0.06052241
317 389 0.11164438
317 393 0.07844821
317 408 0.11461012
317 420 0.11695863
317 464 0.10997801
317 486 0.09954859
317 492 0.12940093
317 495 0.13057856
318 415 0.08933582
318 451 0.08356900
318 454 0.11658509
318 488 0.09301666
318 491 0.08794240
318 628 0.08610003
319 380 0.10676919
319 407 0.08373007
319 409 0.18395025
319 434 0.32253171
319 441 0.13911440
319 448 0.19598612
319 458 0.14453787
319 459 0.09235286
319 481 0.15126844
319 483 0.11551298
320 376 0.10484929
320 406 0.11405454
320 443 0.06812087
320 482 1.00000000
320 496 0.07705248
321 401 0.14367931
321 425 0.08732160
321 440 0.14605931
321 446 0.15866816
321 455 0.08571420
321 468 0.15125628
321 492 0.09616296
321 495 0.11658970
321 497 0.13266372
321 734 0.04675503
322 401 0.12920936
322 434 0.13255071
322 457 0.09854764
322 467 0.12587789
322 480 0.13924827
322 488 0.11977815
322 494 0.04630312
323 190 0.08747133
323 405 0.07532156
323 406 0.08834323
323 422 0.10353761
323 428 0.12943733
323 439 0.29850576
323 449 0.11239144
323 472 0.06849462
324 377 0.06776947
324 378 0.07203197
324 387 0.08041771
324 394 0.10664401
324 404 0.14161711
324 418 0.11867686
324 443 0.11550809
324 459 0.08329857
324 461 0.16029770
324 470 0.10692531
324 474 0.55406217
324 475 0.09530649
324 478 0.08707197
324 479 0.09483377
324 482 0.06569323
324 574 0.04631626
325 55 0.06911102
325 252 0.08114030
325 315 0.06366641
325 391 0.06906764
325 413 0.10981454
325 419 0.14070772
325 430 0.15511830
325 445 0.11700055
325 453 0.11503735
325 456 0.15519097
325 496 0.09979973
326 26 0.14151116
326 378 0.08070098
326 382 0.11491870
326 410 0.10199514
326 439 0.11432880
326 448 0.11929576
327 379 0.12287286
327 389 0.12837706
327 446 0.13936466
327 456 0.17336718
327 463 0.13834232
327 489 0.12423641
327 490 0.07488028
328 380 0.40504115
328 425 0.24636517
328 440 0.18401574
328 452 0.10219168
328 460 0.38150352
328 483 0.32319975
328 484 0.27154069
328 497 0.11237007
329 221 0.09079184
329 401 0.15139793
329 405 0.09869066
329 416 0.19023927
329 435 0.08389197
329 462 0.10671340
329 482 0.08500965
330 382 0.16172680
330 388 0.08724289
330 390 0.08053272
330 397 0.08800080
330 398 0.04491418
330 406 0.16882090
330 418 0.11147793
330 429 0.09421554
330 448 0.11082645
330 479 0.11258329
330 490 0.10155101
331 383 0.30641931
331 412 1.00000000
331 424 0.13966217
331 447 0.09126857
331 471 0.07038208
331 494 0.26484576
332 389 0.06610758
332 403 0.54282001
332 415 0.26386590
332 442 0.21613641
332 526 0.06349087
333 344 0.05936729
333 388 0.14235786
333 397 0.09683245
333 403 0.06505173
333 409 0.13080301
333 412 0.06058357
333 413 0.16630028
333 444 0.10583653
333 451 0.09788253
333 457 0.07539471
333 469 0.08185801
333 485 0.34848478
333 493 0.08857800
333 496 0.11944688
334 82 0.03883924
334 385 0.18693991
334 429 0.27317694
334 442 0.09747725
334 476 0.09767122
334 489 0.09660371
335 376 0.11396244
335 396 0.09464769
335 401 0.19287582
335 434 0.19390540
335 467 0.15701942
335 480 0.13499835
335 488 0.14296141
335 651 0.05807622
336 379 0.14378395
336 383 0.14888927
336 425 0.09575293
336 436 0.13447398
336 438 0.10558110
336 455 0.21250512
336 460 0.21463425
336 468 0.25119707
336 469 0.08166753
336 486 0.10285368
336 489 0.12926435
336 497 0.33007887
337 18 0.07019006
337 267 0.06354748
337 349 0.08876905
337 379 0.11293075
337 411 0.12315463
337 428 0.08197782
337 464 0.07126189
337 486 1.00000000
337 487 0.08873206
337 669 0.04622857
338 385 0.07512029
338 396 0.07767233
338 409 0.12386777
338 421 0.55559630
338 433 0.11783671
338 442 0.10550609
338 448 0.09940036
339 375 0.10797111
339 381 0.09167555
339 385 0.14800208
339 389 0.11338729
339 400 0.08694663
339 407 0.10387357
339 442 0.11735175
339 444 0.11352618
339 518 0.06866910
340 380 0.09387826
340 396 0.08225364
340 401 0.21375356
340 409 0.14734893
340 434 0.18202940
340 467 0.15749196
340 488 0.11408438
341 375 0.13322707
341 381 0.08976561
341 389 0.13705147
341 392 0.07667352
341 399 0.25844900
341 400 0.09207703
341 408 0.13596386
341 412 0.04450717
341 415 0.27127981
341 433 0.13376083
341 441 0.12667629
341 444 0.17312202
341 446 0.16690793
341 452 0.12947676
341 453 0.12633894
341 454 0.36693698
341 455 0.08752640
341 463 0.13333179
341 471 0.05478150
341 473 0.07333550
341 476 0.14656588
341 491 0.28616771
341 496 0.08889607
341 498 0.05919670
342 168 0.07186194
342 378 0.06093736
342 382 0.10692115
342 383 0.11218681
342 388 0.08422865
342 397 0.07980512
342 401 0.13225143
342 404 0.09327317
342 412 0.05872074
342 418 0.10095786
342 432 0.08576486
342 436 0.13843387
342 438 0.23605520
342 443 0.13039088
342 458 0.11960655
342 463 0.13405797
342 466 0.15696132
342 474 0.09886264
342 489 0.11887351
342 493 0.08383059
343 381 0.09137191
343 389 0.13528411
343 401 0.16872740
343 409 0.15691826
343 420 0.12828986
343 434 0.23806024
343 488 0.12092109
344 383 0.09752206
344 415 0.15086311
344 460 0.40333828
344 484 0.33253828
344 497 0.16801591
345 161 0.07580549
345 199 0.06885458
345 223 0.09883129
345 265 0.14020296
345 287 0.08931573
345 289 0.07332629
345 461 0.08754443
345 539 0.07603202
345 550 0.11452058
345 557 0.11609040
345 672 0.08708761
346 28 0.09266968
346 405 0.10664444
346 406 0.11197324
346 448 0.09476507
346 449 1.00000000
346 498 0.17746915
346 681 0.02730846
347 25 0.12286830
347 437 0.48269824
347 445 0.09772578
347 465 0.07369038
347 477 0.11450576
348 450 0.65124709
348 473 0.10664022
348 478 0.17992646
348 533 0.09981868
348 644 0.07322882
349 135 0.05679386
349 228 0.17655295
349 426 0.05438051
349 428 0.10608707
349 452 0.12095962
349 455 0.07350360
349 497 0.14877284
349 733 0.12090718
349 734 0.05184243
350 402 0.12351860
350 409 0.22945412
350 417 0.09133489
350 431 0.08141487
350 439 0.10963520
350 448 0.12412637
350 450 0.10487322
350 469 0.06726436
350 472 0.09179577
350 473 0.10677733
350 478 0.17521614
350 480 0.20299878
350 485 0.12561603
351 375 0.09915845
351 386 0.07341286
351 399 0.13461595
351 416 0.08913783
351 421 0.26321940
351 433 0.40913501
351 448 0.12027616
351 474 0.09666891
351 479 0.21193429
351 487 0.11830955
352 201 0.06668847
352 399 0.20612211
352 414 0.08838659
352 415 0.47870038
352 429 0.08501403
352 460 0.21973128
352 476 0.31613819
352 484 0.15496866
353 377 0.07129257
353 384 0.14031345
353 387 0.09369340
353 410 0.04980817
353 418 0.09537895
353 422 0.15721321
353 443 0.15276927
353 448 0.16087663
353 458 0.13910002
353 459 0.11029852
353 474 0.14363112
353 479 0.09525485
354 376 0.12776755
354 401 0.16603248
354 409 0.17865378
354 420 0.13230123
354 421 0.07739953
354 434 0.16620259
354 467 0.16329913
354 475 0.12155106
354 480 0.33775625
354 488 0.13349778
355 116 0.07628148
355 379 0.12795005
355 409 0.08935183
355 448 0.08395385
355 486 0.08230297
355 498 0.04286388
356 82 0.04228458
356 376 0.16009010
356 387 0.07205217
356 400 0.08437314
356 401 0.21610929
356 409 0.24070743
356 423 0.07981612
356 434 0.18734393
356 466 0.12817124
356 467 0.22283551
356 480 0.18534108
356 482 0.06886918
356 488 0.16950054
357 375 0.05186653
357 392 0.32007861
357 429 0.05105935
357 440 0.05018698
357 444 0.05877093
357 447 0.02697738
358 115 0.07092598
358 432 0.10493266
358 448 0.08360236
358 458 0.09983228
358 463 0.08288621
358 470 0.26367821
359 401 0.12192502
359 402 0.12158244
359 404 0.09680740
359 408 0.24571415
359 417 0.10047438
359 420 0.18037479
359 421 0.08339147
359 441 0.07998100
359 446 0.13026495
359 457 0.10089752
359 464 0.10653635
359 475 0.10746768
359 492 0.08694912
359 495 0.13113053
360 382 0.10156721
360 439 0.09759777
360 446 0.12836365
360 448 0.09783289
360 467 0.12910380
361 168 0.06046332
361 423 0.07714726
361 428 0.08160984
361 434 0.08361739
361 442 0.09664915
361 443 0.11383023
361 458 0.11289096
361 469 0.06707247
361 474 0.09542451
361 651 0.06767780
362 301 0.07167532
362 397 0.05731562
362 420 0.20119786
362 475 0.17019097
362 480 0.18385487
362 574 0.04231866
363 39 0.07721745
363 164 0.06970776
363 389 0.08630439
363 403 0.24603660
363 415 0.29258051
363 442 0.26082491
364 393 0.11349653
364 394 0.10665288
364 397 0.07581712
364 410 0.05383132
364 413 0.09106351
364 420 0.11636323
364 427 0.07384068
364 457 0.07652767
364 470 0.18585229
364 475 0.12306198
364 480 0.12370700
364 499 0.06382311
365 386 0.07098427
365 389 0.09991513
365 393 0.09736354
365 402 0.11960078
365 407 0.07482376
365 432 0.07824810
365 448 0.10896306
365 457 0.07583447
365 470 1.00000000
365 487 0.09361964
365 499 0.08390470
366 10 0.07425767
366 25 0.16165936
366 409 0.31883586
366 431 0.08732795
366 480 0.27583126
366 486 0.09105467
366 487 0.09341650
366 745 0.05049205
367 402 0.09144594
367 409 0.08948007
367 443 0.06798047
367 448 0.07722030
367 473 0.06874000
368 384 0.10075843
368 405 0.07367592
368 406 0.22599485
368 416 0.13566837
368 422 0.19198794
368 423 0.10441447
368 435 0.06130733
368 443 0.13118395
368 448 0.13470388
368 449 0.12022920
368 498 0.07686662
368 533 0.12449939
369 261 0.21272034
369 330 0.13233261
369 372 0.17264117
369 450 0.17128866
369 473 0.08180761
369 478 0.12852714
370 386 0.09427490
370 391 0.07827043
370 393 0.07318486
370 419 0.12462472
370 430 0.10875919
370 443 0.11058109
370 451 0.08209172
370 454 0.11095681
370 458 0.09927269
371 331 0.04809357
371 401 0.14520482
371 409 0.14514576
371 434 0.13245285
371 467 0.11411181
371 480 0.14110283
372 445 0.14378815
372 463 0.09912958
372 465 0.12393559
372 477 0.18706709
372 487 0.12071219
373 381 0.11814716
373 387 0.07841161
373 396 0.08241193
373 401 0.19285019
373 409 0.17866339
373 434 0.19761846
373 467 0.14183289
374 251 0.04537281
374 377 0.13648043
374 402 0.13796011
374 404 0.08882784
374 407 0.10867654
374 408 0.15224882
374 420 0.13578474
374 421 0.08698367
374 424 0.03060017
374 428 0.07889648
374 436 0.11246970
374 438 0.10007918
374 439 0.09936003
374 441 0.07642357
374 446 0.14825460
374 464 0.10938320
374 470 0.12340543
374 472 0.07549259
374 474 0.20009179
374 484 0.14973740
374 495 0.14463859
374 574 0.06692695
375 380 0.30531515
375 425 0.21135838
375 440 0.16407330
375 442 0.07287503
375 447 0.02597993
375 483 0.20021580
376 385 1.00000000
376 429 0.06082389
376 442 0.06671763
376 491 0.07076102
376 632 0.05943372
377 399 0.08267244
377 409 0.07847387
377 443 0.07946872
377 454 0.07013054
377 478 0.09855873
378 382 0.10149667
378 433 0.08476972
378 439 0.09034509
378 448 0.08414927
378 458 0.09394409
379 403 0.07253413
379 405 0.07750850
379 416 0.08970958
379 458 0.08250143
379 463 0.09336266
379 481 0.10375269
379 489 0.09430779
379 538 0.06686289
380 25 0.14123573
380 409 0.08113645
380 456 0.08711704
380 481 0.17029060
380 490 0.34110482
381 379 0.11356686
381 383 0.11143237
381 386 0.07378812
381 396 0.07165766
381 436 0.12640555
381 438 0.12306790
381 452 0.12983769
381 456 0.15131401
381 460 0.15996344
381 464 0.07437565
381 466 0.11402896
381 481 0.13924029
381 484 0.14505276
381 489 0.11308784
381 490 0.23848662
382 291 0.08531555
382 331 0.07539504
382 416 0.08352578
382 444 0.07200606
382 499 0.12419666
383 375 0.09818062
383 399 0.33325642
383 401 0.14469365
383 412 0.04549455
383 414 0.10248805
383 415 0.26532862
383 442 0.21046834
383 453 0.11866524
383 466 0.11876333
383 476 0.30248739
383 493 0.09454248
384 86 0.05726423
384 160 0.08824672
384 349 0.11070869
384 400 0.09500052
384 411 0.07599251
384 424 0.02642654
384 435 0.11416151
384 461 0.10381522
384 479 0.12366293
384 487 1.00000000
384 495 0.11051682
385 10 0.06829273
385 25 0.12467210
385 381 0.10891557
385 389 0.35687709
385 392 0.06660024
385 399 0.13720969
385 402 0.13153351
385 407 0.13480519
385 414 0.08474819
385 417 0.10217410
385 448 0.13187909
385 462 0.08425552
385 492 0.09470346
385 499 0.06686718
385 733 0.05701006
386 255 0.06766381
386 429 0.08640261
386 435 0.06193359
386 438 0.10505107
386 446 0.12956213
386 463 0.20370621
386 468 0.12126371
386 484 0.11175989
386 489 0.18898054
387 261 0.06444869
387 330 0.06840825
387 384 0.11537514
387 390 0.08254396
387 406 0.21750519
387 416 0.13287948
387 422 0.19731963
387 423 0.10270347
387 443 0.14092599
387 448 0.15041587
387 449 0.11785333
387 450 0.14025880
387 459 0.08922808
387 498 0.06616778
387 533 0.10917360
388 14 0.06949790
388 204 0.04160855
388 216 0.06794144
388 380 0.06639079
388 392 0.09962914
388 453 0.06917874
389 135 0.05793087
389 152 0.03785883
389 384 0.08603939
389 391 0.07829462
389 406 0.10268716
389 415 0.11658848
389 419 0.11312290
389 430 0.11982220
389 461 0.08702211
389 493 0.08257262
389 733 0.09805592
390 57 0.07813532
390 116 0.09332694
390 448 0.09695432
390 462 0.09353516
390 564 0.11323459
390 626 0.10413628
391 380 0.29839381
391 383 0.13562430
391 392 0.05895053
391 425 0.30754720
391 440 0.17677491
391 452 0.13502807
391 460 0.21295121
391 469 0.06892037
391 483 0.18314356
391 484 0.14624430
392 409 0.10041165
392 432 0.37895174
392 437 0.05860775
392 443 0.08724587
392 448 0.08510170
392 451 0.24312547
393 55 0.05784773
393 78 0.04794464
393 384 0.05854771
393 426 0.06908790
393 452 0.05870577
394 71 0.14139567
394 98 0.06948789
394 164 0.06133294
394 165 0.07477465
394 308 0.07672084
394 559 0.07243145
395 389 0.09194773
395 476 0.11328731
395 486 0.07755789
395 488 0.16043238
395 492 0.07260343
396 401 0.07374213
396 409 0.09178601
396 434 0.09175146
396 467 0.10986785
396 480 0.06989530
397 389 0.16348519
397 446 0.13828922
397 456 0.19321599
397 462 0.08090539
397 466 0.11156555
397 467 0.11530950
397 481 0.10928166
398 91 0.06931899
398 441 0.11073867
398 448 0.10927078
398 458 0.11819957
398 472 0.06749112
398 481 0.10636399
398 720 0.10176756
399 375 0.08366124
399 382 0.09450318
399 402 0.09794921
399 417 1.00000000
399 418 0.08702957
399 448 0.12258126
400 21 0.12636032
400 59 0.11531118
400 76 0.12346428
400 536 0.08582252
400 547 0.12542262
400 595 0.19146550
400 612 0.60500466
400 624 0.09099780
400 640 0.08885906
400 720 0.09132710
401 149 0.06205890
401 515 0.08877297
401 524 0.08787767
401 549 0.55522334
401 599 0.08686484
401 613 0.07420298
402 507 0.22009630
402 534 0.07255818
402 554 0.06664728
402 560 0.08636501
402 571 0.09954737
402 573 0.10389372
402 576 0.22242195
402 589 0.09756528
403 71 0.05405370
403 373 0.05968631
403 518 1.00000000
403 564 0.07260253
403 577 0.09733713
403 601 0.08385376
403 656 0.07236965
404 529 0.11334708
404 536 0.08514141
404 547 0.23586660
404 566 0.07085471
404 576 0.11320553
404 595 0.10531347
404 609 0.11308098
404 612 0.27759380
405 17 0.23741245
405 164 0.06067155
405 526 0.29590732
405 548 0.08058780
405 603 0.10138784
406 15 0.07681120
406 362 0.07191538
406 501 0.31089365
406 566 0.06607427
406 571 1.00000000
406 605 0.14994192
406 608 0.14339717
406 615 0.27640025
406 620 0.08788610
407 3 0.07725693
407 158 0.05300719
407 528 0.07543941
407 540 0.07828413
407 547 0.30573575
407 612 0.30461357
408 541 0.23925863
408 555 0.23446447
408 584 0.14521405
408 609 0.12013117
408 699 0.11549181
408 741 0.15753957
409 76 0.14375744
409 276 0.05932926
409 505 0.09775735
409 513 1.00000000
409 525 0.14179421
409 603 0.12307289
409 616 0.14467213
409 673 0.05701934
410 10 0.06718694
410 48 0.13697952
410 116 0.15284111
410 124 0.07795603
410 218 0.07730060
410 267 0.06695944
410 312 0.06854909
410 326 0.06476289
410 377 0.06482550
410 516 0.06749995
410 528 0.16493095
410 532 0.12879033
410 540 0.09214768
410 546 0.12636354
410 551 0.12762935
410 552 0.10957053
410 553 0.13533437
410 554 0.09342451
410 557 0.15270466
410 571 0.11228701
410 573 0.15244970
410 582 0.14943064
410 591 0.11645876
410 615 0.12254305
410 617 0.08932460
410 627 0.09542237
410 633 0.14268999
410 660 0.12977195
410 676 0.09692507
410 680 0.12365186
410 682 0.18482658
410 689 0.12063317
410 696 0.18316029
410 698 0.13065185
410 705 0.06343515
410 738 0.11215955
410 740 0.10096300
410 743 0.14564212
411 121 0.13644912
411 248 0.09891845
411 564 0.10048580
411 681 0.08861950
411 685 0.08849371
412 506 0.12176439
412 517 0.07558210
412 531 0.05125175
412 543 0.27115249
412 570 0.09924698
412 583 0.09616296
412 593 1.00000000
412 712 0.05796254
413 535 0.05329249
413 544 0.05057687
413 547 0.05363794
413 561 0.05245001
413 589 0.08475179
414 53 0.11741944
414 67 0.13787543
414 536 0.10053302
414 548 0.13743055
414 550 0.36167548
414 690 0.10045079
414 698 0.11732365
414 741 0.09627890
415 507 0.15917562
415 508 0.10611266
415 546 0.16411407
415 571 0.10077611
415 572 1.00000000
415 615 0.16178399
415 689 0.12627173
415 696 0.13080441
415 708 0.09260246
416 502 0.09194207
416 507 0.09059993
416 542 0.10592921
416 581 0.08510666
416 604 0.09668412
416 623 0.19176010
417 53 0.15007239
417 67 0.11882708
417 525 0.14169625
417 563 0.13384239
417 565 0.06930327
417 675 0.15367599
418 341 0.05938320
418 528 0.09902761
418 535 0.13821990
418 537 0.33887585
418 609 0.10070117
418 613 0.16040391
418 716 0.07054894
419 41 0.10089085
419 65 0.06163181
419 77 0.12713680
419 507 0.24859144
419 636 0.08659063
419 659 0.07993200
419 671 0.08806915
419 672 0.10726747
419 686 0.10484282
419 720 0.08628751
419 729 0.04648612
420 67 0.09173814
420 513 0.08664053
420 519 0.11312413
420 590 0.12165914
420 603 0.08650327
421 511 0.07722636
421 522 0.05612780
421 542 0.29554599
421 604 0.13389264
421 660 0.06719958
422 21 0.15209414
422 59 0.12446166
422 74 0.13334565
422 76 0.14333789
422 107 0.12256263
422 218 0.08822114
422 398 0.04742755
422 500 0.12799357
422 507 0.15108086
422 508 0.10004225
422 514 0.05288679
422 523 0.07718479
422 547 0.12847575
422 552 0.12953559
422 560 0.06877108
422 573 0.13637645
422 576 0.15497949
422 585 0.11106614
422 587 0.14205553
422 591 0.13569039
422 595 0.11876377
422 598 0.09088782
422 602 0.07744173
422 609 0.17859384
422 612 0.09838807
422 632 0.07718909
422 639 0.08099617
422 643 0.09802065
422 646 0.05254860
422 654 0.07733734
422 662 0.06166310
422 667 0.11131168
422 694 0.06611377
422 703 0.12238825
422 704 0.04139307
422 732 0.10199721
422 736 0.12086994
422 738 0.12665842
423 74 0.10831216
423 506 0.26983545
423 508 1.00000000
423 523 0.09771494
423 541 0.10713499
423 561 0.06667084
423 572 0.10611266
424 98 0.07766001
424 158 0.04961316
424 507 0.13050836
424 534 0.59175517
424 570 0.07218462
424 576 0.17450730
424 593 0.10205622
424 594 0.09480335
424 607 0.12080590
424 650 0.14895421
425 519 0.10754946
425 542 0.10620500
425 565 0.07986565
425 581 0.43701499
425 604 0.09395953
425 623 0.51506057
426 13 0.13701689
426 49 0.08210273
426 525 0.25569727
426 616 0.10222219
426 670 0.08765285
426 711 0.09276065
427 70 0.09697279
427 90 0.09347192
427 520 0.03958608
427 528 0.08742966
427 540 1.00000000
427 557 0.08459497
428 8 0.12367869
428 15 0.08191569
428 546 0.11745869
428 596 0.10683201
428 606 0.10737005
428 620 0.08633017
428 634 0.11591174
428 642 0.14240850
428 696 0.14074383
429 544 0.05211998
429 550 0.05342198
429 553 0.06301977
429 573 0.06118451
429 614 0.05999606
430 50 0.05876521
430 501 0.09190086
430 504 0.11530652
430 516 0.10811359
430 519 0.14888834
430 590 0.15015121
430 603 0.11548343
430 605 0.12259953
430 608 0.10071957
431 515 0.10862652
431 535 0.12091292
431 543 0.10739748
431 549 0.12111411
431 583 0.11605986
431 585 0.09809427
431 586 0.24878816
431 621 0.05085915
431 698 0.11713616
431 705 0.06234905
432 589 0.07638486
432 590 0.09661638
432 626 0.09685405
432 648 0.07777342
432 682 0.10300896
432 695 0.30652413
433 74 0.10418876
433 101 0.10170126
433 531 0.07114388
433 535 0.09353680
433 537 0.08162332
433 575 0.09532943
434 231 0.07512301
434 300 0.05734170
434 348 0.06391301
434 568 0.05773807
434 609 0.06059054
435 21 0.10696431
435 76 0.11959847
435 80 0.08672452
435 180 0.05146989
435 530 0.08922086
435 556 0.10513751
435 564 0.10311820
435 600 0.11369458
435 701 0.08631542
436 526 0.09675015
436 546 0.11087683
436 590 0.11460668
436 606 0.14731969
436 607 0.12143988
437 500 0.12785993
437 528 0.12349248
437 529 0.11329886
437 557 0.11137960
437 582 0.11342917
438 53 0.13031184
438 76 0.13038204
438 90 0.12887163
438 158 0.05099890
438 517 0.06141239
438 587 0.11475047
438 592 0.11715239
439 80 0.15106614
439 511 0.13576403
439 556 0.13688103
439 567 0.10758226
439 568 0.10920607
439 575 0.13404307
439 594 0.10357057
439 664 0.13796702
439 673 0.05848687
439 695 0.06471213
440 15 0.12143396
440 528 0.10219554
440 571 0.13378365
440 580 0.11289123
440 608 0.10574371
440 632 0.08564620
441 282 0.07331390
441 354 0.07000366
441 511 0.06410814
441 540 0.08171805
441 608 0.06951495
442 67 0.14402632
442 76 0.15327106
442 80 0.08417700
442 115 0.05729785
442 218 0.07508151
442 503 0.06694305
442 507 0.15354350
442 512 0.09276056
442 525 0.15449964
442 529 0.11818498
442 537 0.11428660
442 546 0.12727233
442 548 0.14095643
442 550 0.14320911
442 552 0.12649015
442 555 0.12185305
442 556 0.14463448
442 557 0.14591577
442 563 0.13915132
442 564 0.14109135
442 575 0.11836706
442 599 0.12827572
442 606 0.14094567
442 613 0.11516782
442 623 0.08960247
442 624 0.08439120
442 629 0.10126421
442 651 0.08054229
442 656 0.10397676
442 673 0.05968433
442 675 0.15966995
442 682 0.15254549
442 685 0.12513663
442 690 0.10855699
442 698 0.13495028
442 705 0.07629145
442 719 0.09278522
442 723 0.05186754
442 738 0.09812216
442 740 0.10686351
442 742 0.06611925
442 749 0.07585379
443 185 0.05749621
443 509 0.06521786
443 512 1.00000000
443 578 0.08814308
443 599 0.08899489
443 618 0.09334607
443 713 0.09589044
444 115 0.05469696
444 567 0.09010654
444 599 0.07449539
444 622 0.10612835
444 672 0.08013286
444 722 0.07676904
445 373 0.07485532
445 525 0.10232611
445 539 0.10043661
445 548 0.26350916
445 583 0.14483270
445 616 0.16460620
445 618 0.10996998
446 511 0.12350680
446 553 0.12577024
446 558 0.12869239
446 609 0.12700936
446 614 0.15593663
446 617 0.06724361
446 620 0.07932574
446 623 0.08690029
446 643 0.08627323
446 658 0.13276511
446 694 0.06481577
447 76 0.13409387
447 116 0.34153678
447 566 0.05580089
447 580 0.11943308
447 675 0.14036526
447 682 0.12760352
447 690 0.10212721
447 740 0.10333009
448 4 0.11189382
448 6 0.09457023
448 13 0.13374101
448 20 0.05671322
448 21 0.15216248
448 36 0.05514773
448 37 0.12382930
448 49 0.07803211
448 53 0.15474594
448 66 0.17600848
448 68 0.10608116
448 76 0.16906960
448 78 0.08091652
448 90 0.17372801
448 91 0.05293681
448 99 0.06288922
448 117 0.08481771
448 118 0.10104183
448 504 0.10427871
448 505 0.09738772
448 513 0.15663658
448 525 0.47267329
448 539 0.08680929
448 545 0.06926845
448 548 0.15197441
448 564 0.16411074
448 583 0.14184439
448 588 0.08561396
448 603 0.13608546
448 606 0.10929112
448 616 0.26715344
448 624 0.08555271
448 627 0.09986625
448 648 0.08027435
448 679 0.13565310
449 78 0.07436851
449 403 0.06376227
449 513 0.14882701
449 609 0.20438048
449 616 0.07061853
450 500 1.00000000
450 501 0.08531259
450 516 0.08754200
450 527 0.12541997
450 534 0.10005567
450 547 0.11765525
450 577 0.13437464
450 588 0.09733706
450 591 0.17502132
450 596 0.11236169
450 597 0.10516433
450 609 0.14498077
450 610 0.06081404
450 639 0.09845616
451 502 0.10194612
451 519 0.14125561
451 540 0.09312579
451 581 0.10528926
451 604 0.12258823
451 623 0.13958508
452 506 0.10388373
452 507 0.10879481
452 508 0.09513480
452 582 0.09962231
452 592 0.10540848
452 649 0.06384622
452 661 0.12639887
453 13 0.19216869
453 49 0.20947469
453 566 0.06255128
453 583 0.08400355
453 661 0.07883211
453 685 0.07586086
453 712 0.06319404
453 745 0.05683660
454 248 0.04709103
454 500 0.08031972
454 541 0.07657410
454 559 0.07741433
454 584 0.06793118
454 591 0.07077216
454 638 0.05688967
454 712 0.05077829
455 76 0.11690477
455 174 0.05744384
455 329 0.08807863
455 501 0.23425589
455 517 0.05628235
455 542 0.07727666
455 592 0.11479315
455 605 0.17287473
455 616 0.11879792
455 692 0.07446551
456 529 0.11380478
456 541 0.10946775
456 581 0.04987349
456 584 0.38619266
456 639 0.13224450
456 741 0.07177040
457 506 0.13865863
457 515 0.13462734
457 524 0.08366253
457 531 0.07990132
457 541 0.11735568
457 543 0.12596079
457 544 0.05328615
457 569 0.09908154
457 583 0.14440417
457 586 0.07537969
457 587 0.20198492
457 592 0.13132026
457 593 0.11460810
457 609 0.13875550
457 640 0.08984187
458 48 0.13812570
458 91 0.05476098
458 351 0.06608264
458 532 0.11037515
458 544 0.05314444
458 580 0.29740223
458 609 0.13443819
458 660 0.13239039
458 675 0.13267741
458 679 0.08867898
458 702 0.04320422
459 505 0.11186470
459 512 0.08989814
459 535 0.11320708
459 551 0.14106835
459 559 0.07331750
459 575 0.10894970
459 610 0.13514736
459 742 0.06196100
460 527 0.11794131
460 532 0.10295131
460 542 0.09726226
460 577 0.08577527
460 607 0.08591136
461 553 0.08515696
461 573 0.12385464
461 601 0.07445956
461 602 0.48300308
461 682 0.08733327
461 694 0.06287617
461 743 0.10584779
462 20 0.05497737
462 43 0.08774970
462 70 0.08621874
462 76 0.14445620
462 218 0.07505440
462 518 0.05322457
462 522 0.08945348
462 527 0.13599678
462 532 0.14153435
462 545 0.05871280
462 558 0.12421196
462 566 0.07739232
462 585 0.09909260
462 604 0.14346112
462 607 0.12432065
462 614 0.13988928
462 656 0.10567489
462 661 0.10323861
462 677 0.10258583
462 679 0.09653112
462 682 0.14276735
462 700 0.05771080
462 736 0.12097702
462 743 0.11101234
463 90 0.13859000
463 515 0.12138168
463 549 0.16880263
463 553 0.15237692
463 682 0.16608075
464 461 0.07451826
464 529 0.09084839
464 541 0.09914651
464 577 0.09514080
464 584 0.43878956
464 607 0.11072167
465 90 0.08550440
465 105 0.06608848
465 328 0.06094032
465 526 0.64583791
465 603 0.12811693
465 682 0.06660023
466 502 0.08413374
466 503 0.13282152
466 510 0.14461934
466 511 0.13936503
466 520 0.03687643
466 522 0.09158432
466 527 0.18691951
466 558 0.13356493
466 559 0.08536513
466 560 0.07893641
466 572 0.10820045
466 583 0.13364544
466 589 0.07813951
466 591 0.11312804
466 594 0.08847369
466 607 0.12944024
466 618 0.15345029
466 677 0.10759167
466 698 0.13412970
466 724 0.11646086
467 186 0.04762137
467 535 0.06413933
467 556 0.06584706
467 561 0.04824656
467 570 0.06231274
467 698 0.07004542
467 731 0.06627170
468 52 0.06723311
468 502 0.06557570
468 636 0.07022385
468 658 0.07339136
468 659 0.06602992
469 346 0.04463781
469 477 0.06715652
469 510 0.07945859
469 618 0.07916059
469 690 0.07880545
469 740 0.10188599
469 741 0.08102186
470 43 0.08210948
470 115 0.05502312
470 395 0.08545838
470 506 0.16904210
470 512 0.08317411
470 517 0.08713679
470 521 0.11197523
470 523 0.10748532
470 524 0.09860203
470 531 0.13306014
470 535 0.14660802
470 541 0.14443191
470 543 0.11470561
470 549 0.11910464
470 556 0.13204509
470 559 0.11088706
470 575 0.17942349
470 578 0.05771471
470 583 0.18542393
470 587 0.18298530
470 592 0.12448021
470 593 0.12011061
470 599 0.17271347
470 613 0.18165119
470 638 0.05790659
470 679 0.13268964
470 703 0.11696443
470 705 0.06916775
471 590 0.13884432
471 605 0.06623146
471 607 0.08219603
471 632 0.07336325
471 696 0.07004529
472 8 0.14357120
472 538 0.06995149
472 580 0.15202397
472 588 0.10989592
472 609 0.13113438
472 615 0.10541697
472 620 0.26123933
472 662 0.14744451
473 50 0.06153718
473 116 0.15784440
473 504 0.44103896
473 525 0.10843294
473 609 0.10999035
473 610 0.06819124
473 616 0.12048063
473 649 0.06399749
474 529 0.08302201
474 550 0.08113563
474 616 0.08431009
474 644 0.09340468
474 698 0.08990434
475 528 0.26045207
475 555 0.12458671
475 593 0.09863562
475 617 0.05349835
475 668 0.19628285
475 699 0.17765252
475 741 0.15666321
476 515 0.12931142
476 524 0.13213539
476 528 0.09567620
476 582 0.48404870
476 748 0.09459390
477 76 0.08623000
477 513 0.16505499
477 530 0.11026704
477 545 0.06198305
477 567 0.37140500
477 576 0.09482344
478 8 0.06070576
478 55 0.06656086
478 509 1.00000000
478 512 0.06521786
478 601 0.05675762
479 500 0.08644727
479 535 0.08991390
479 551 0.10232631
479 610 0.06783915
479 668 0.11394680
479 696 0.09249853
480 510 0.09253105
480 511 0.11961044
480 583 0.11379181
480 594 0.16658896
480 618 0.18084036
480 724 0.12317348
481 547 0.10781111
481 553 0.10552450
481 585 1.00000000
481 586 0.15669777
481 598 0.09074773
481 732 0.11766797
482 535 0.10489686
482 548 0.10997401
482 551 0.10383356
482 599 0.10136497
482 675 0.10286660
483 15 0.08417743
483 76 0.12485292
483 513 0.12992079
483 529 0.10432569
483 530 0.10147303
483 540 0.07920222
483 567 0.51771897
483 587 0.12068350
483 638 0.06224181
484 357 0.04588693
484 402 0.08668555
484 571 0.08154188
484 585 0.13579634
484 587 0.09198658
484 661 0.08837352
485 43 0.10447280
485 174 0.06397023
485 329 0.07322352
485 501 0.18875754
485 507 0.15354364
485 523 0.16958615
485 553 0.19164750
485 554 0.07280188
485 572 0.11776454
485 587 0.19306375
485 592 0.48773764
485 605 0.18501213
485 615 0.10628755
485 624 0.12201045
485 680 0.12586542
485 692 0.05694547
485 696 0.16462616
486 527 0.12193635
486 553 0.12282509
486 614 0.11181780
486 642 0.10419769
486 696 0.12365870
487 18 0.17627855
487 44 0.12675102
487 70 0.08148246
487 510 0.13352891
487 525 0.11740440
487 611 0.12371540
488 477 0.05510079
488 502 0.11648398
488 524 0.05713133
488 589 0.05618408
488 674 0.05753912
489 573 0.08992136
489 580 0.10290944
489 601 0.07794801
489 602 1.00000000
489 609 0.08930634
489 724 0.08609785
490 522 0.10988190
490 527 0.25802657
490 539 0.06810214
490 560 0.08301175
490 580 0.13761441
490 607 0.14990204
490 609 0.13079194
490 618 0.13579240
491 500 0.13751633
491 507 0.13658624
491 516 0.07808868
491 519 0.10156156
491 528 0.12552074
491 529 0.11970090
491 535 0.12065869
491 545 0.06256951
491 551 0.11880223
491 557 0.15238725
491 590 0.14729550
491 595 0.09289237
491 603 0.14273130
491 614 0.11690803
491 619 0.05355086
491 620 0.08722604
491 621 0.04796794
491 656 0.10584432
491 692 0.05199114
491 716 0.06729072
491 724 0.13489169
491 743 0.10383151
492 53 0.09594101
492 67 0.08045881
492 511 0.08264692
492 522 0.09032117
492 543 0.10351336
493 43 0.09291790
493 395 0.08849721
493 521 0.08598825
493 523 0.38000394
493 587 0.11080108
493 706 0.02720313
494 500 0.10005567
494 506 0.07431169
494 534 1.00000000
494 561 0.05747766
494 589 0.08653854
494 594 0.08015493
495 54 0.08545669
495 564 0.08622519
495 580 0.07854312
495 609 0.09734582
495 698 0.07945489
496 53 0.06849705
496 54 0.07126073
496 190 0.05172210
496 505 0.13566462
496 600 0.12987509
496 660 0.07363175
497 53 0.08324584
497 119 0.07693842
497 362 0.05791797
497 535 0.08164137
497 682 0.09774328
497 738 0.07686482
498 535 0.11444958
498 537 0.23094065
498 569 0.10786250
498 609 0.09471524
498 613 0.20762811
499 53 0.16028858
499 378 0.06813097
499 505 0.09849979
499 525 0.12827599
499 526 0.08806517
499 529 0.11802951
499 530 0.09389374
499 554 0.07232100
499 577 0.11720061
499 588 0.09118073
499 600 0.12405596
499 606 0.15922671
499 661 0.09886590
499 675 0.12800480
500 53 0.12385143
500 67 0.10585798
500 507 0.10724710
500 524 0.08722138
500 556 0.12277341
500 612 0.11283030
500 654 0.07285525
501 608 0.13649704
501 625 1.00000000
501 634 0.35638238
501 637 0.27796863
501 642 0.30766610
501 676 0.08951816
501 683 0.16080208
501 701 0.11764500
501 727 0.36051791
502 69 0.08491696
502 90 0.11197783
502 93 0.11786183
502 223 0.05321153
502 228 0.11030590
502 494 0.04976924
502 645 0.12146183
502 709 0.22349757
502 733 0.13798704
503 65 0.05606091
503 625 0.25190122
503 634 0.21822558
503 637 0.32763186
503 693 0.79572415
503 727 0.24755454
504 72 0.08321390
504 567 0.09706041
504 577 0.10129005
504 583 0.10721582
504 599 0.11933847
504 698 0.10648649
504 745 0.05478006
505 30 0.03246826
505 48 0.07967916
505 642 0.07247327
505 696 0.07322263
505 715 0.15555061
505 730 0.07301371
506 54 0.09266223
506 69 0.08063773
506 573 0.08812333
506 617 0.05848169
506 632 0.17624182
506 680 0.13293712
506 732 0.13306481
507 107 0.10283909
507 161 0.05280358
507 303 0.08564070
507 534 0.07039863
507 539 0.06784903
507 550 0.13872996
507 554 0.07658090
507 609 0.14544432
507 614 0.14734065
507 619 0.05836491
507 631 0.10159069
507 633 0.14868291
507 650 0.99538068
507 658 0.18143733
507 718 0.07587812
507 746 0.11334172
508 31 0.15919474
508 625 0.60787251
508 634 0.34132406
508 642 0.32777355
508 644 0.28693435
508 678 0.17737784
508 681 0.03815308
508 683 0.18547598
508 687 0.15114477
508 715 0.25007485
508 727 0.34104432
508 735 0.25981824
508 744 0.21935889
508 748 0.14591116
509 16 0.07748920
509 114 0.09384360
509 121 0.08310470
509 124 0.08372750
509 710 0.07143276
509 725 0.10989607
510 33 0.16591408
510 70 0.06615157
510 353 0.07347980
510 611 0.06579768
510 629 0.09351794
510 636 0.09886384
510 644 0.18840028
510 659 0.09027418
510 671 0.11251715
510 672 0.08754389
510 676 0.16918364
510 678 0.14330593
510 683 0.15795970
510 686 0.13219118
510 694 0.06546698
510 697 0.10834316
510 730 0.13653871
510 731 0.11474648
510 735 0.20836699
511 546 0.11492145
511 580 0.07591665
511 607 0.08738356
511 633 0.07164009
511 682 0.07426892
512 21 0.07013091
512 116 0.06604530
512 520 0.03082488
512 575 0.08020666
512 664 0.09420003
512 686 0.07119953
512 695 0.05466695
513 7 0.08825723
513 75 0.08875860
513 510 0.10357737
513 512 0.09589044
513 578 0.06316993
513 713 1.00000000
514 158 0.05803672
514 625 0.33180318
514 634 0.27610973
514 642 0.24424414
514 693 0.80425740
514 727 0.30228433
515 50 0.05697331
515 57 0.10207401
515 218 0.07490041
515 374 0.05396347
515 503 0.07681582
515 531 0.08808787
515 533 0.07772885
515 559 0.08158063
515 594 0.09336700
515 618 0.13980379
515 675 0.13102867
515 682 0.12646521
515 699 0.07918432
515 703 0.20093161
515 724 0.12999732
516 21 0.14454008
516 76 0.11913193
516 80 0.09105862
516 650 0.12560292
516 664 0.10910699
516 674 0.09809178
516 675 0.20059926
516 701 0.08987423
516 711 0.15816269
517 41 0.06391624
517 653 0.10242750
517 659 0.08038929
517 671 0.09734542
517 672 0.08862104
517 676 0.10344054
517 717 0.12439502
517 720 0.11147836
517 730 1.00000000
517 737 0.25107651
517 739 0.11035599
518 598 0.09490001
518 686 0.06214720
518 703 0.08675798
518 719 0.42744550
518 742 0.06871913
519 65 0.04959679
519 279 0.05865060
519 556 0.09638803
519 563 0.10090286
519 581 0.04992907
519 625 0.11959834
519 678 0.09600900
519 693 0.23607591
520 55 0.06544647
520 57 0.08174987
520 522 0.06245348
520 674 0.05939806
520 706 0.07173676
521 37 0.08959796
521 96 0.08801414
521 105 0.13585533
521 548 0.09741818
521 667 0.10411055
522 38 0.07465303
522 124 0.07365792
522 257 0.05969666
522 390 0.08594347
522 527 0.13956069
522 532 0.11778462
522 537 0.11168397
522 546 0.13400679
522 551 0.11868590
522 557 0.15018973
522 564 0.14927256
522 573 0.13545024
522 580 0.13748041
522 590 0.11605555
522 596 0.13494852
522 603 0.13230558
522 607 0.17023975
522 627 0.09639502
522 648 0.07588590
522 663 0.04785965
522 665 0.04861612
522 675 0.17233594
522 677 0.11905943
522 682 1.00000000
522 689 0.16976992
522 690 0.09185687
522 698 0.13468423
522 707 0.30982106
522 721 0.07025942
522 743 0.11989499
522 748 0.26553758
523 552 0.11066870
523 587 0.13571594
523 609 0.13676312
523 650 0.19867121
523 653 0.08059443
523 658 0.80412116
523 677 0.10800381
523 746 0.30716626
524 55 0.08245490
524 395 0.07951528
524 525 0.10453717
524 538 0.04944111
524 551 0.08482985
524 616 0.08214701
524 660 0.08628834
524 718 0.06052181
525 26 0.03991360
525 409 0.04286710
525 631 0.04306335
525 636 0.03722595
525 669 0.04367954
526 9 0.19132748
526 33 0.39378750
526 635 0.22395584
526 641 0.16748794
526 644 0.39187622
526 678 0.27422745
526 683 0.20693829
526 687 0.14956705
526 691 0.22569192
526 715 0.25370167
526 735 0.40386844
526 744 0.40092519
526 747 0.26830390
526 748 0.16608253
527 282 0.08006645
527 347 0.07332720
527 605 0.06231908
527 665 0.05718866
527 680 0.09262565
527 686 0.06091704
528 509 0.05436339
528 609 0.10525626
528 640 1.00000000
528 647 0.12503240
528 654 0.11570855
528 726 0.36003015
528 746 0.09992779
529 3 0.09577823
529 106 0.10890622
529 650 0.09073648
529 664 0.12838556
529 670 0.08901361
530 564 0.10201005
530 609 0.10335426
530 675 0.36277038
530 697 0.08763733
530 704 0.03577097
530 713 0.13142107
530 736 0.34090260
531 650 0.09171470
531 657 0.32953058
531 714 0.25915548
531 736 0.09098979
531 737 0.08619420
532 21 0.10234691
532 22 0.10280980
532 48 0.11072943
532 698 0.10143140
532 704 0.52695642
533 17 0.11697368
533 23 0.09871658
533 51 0.09457366
533 53 0.12595798
533 79 0.13384984
533 83 0.10891869
533 90 0.18865455
533 111 0.10906129
533 118 0.08716572
533 525 0.16546348
533 563 0.12014047
534 84 0.05324091
534 700 0.34839841
534 705 0.05521754
534 714 0.51349229
534 742 0.24667708
535 568 0.08346636
535 616 0.11126186
535 656 0.21253845
535 660 0.08717729
535 675 0.10985453
535 685 0.24690147
536 91 0.05608370
536 653 0.08899436
536 697 0.08675456
536 730 0.11185013
536 734 0.12926947
536 737 0.15675928
537 50 0.05091508
537 629 0.08863206
537 646 0.05515470
537 686 0.15721834
537 730 0.07574759
537 731 0.15440479
537 737 0.11076427
538 99 0.08811693
538 536 0.08025531
538 576 0.11623490
538 609 0.12556806
538 640 0.36003015
538 647 0.08108147
538 654 0.31713342
538 674 0.10877794
538 726 1.00000000
539 249 0.06604009
539 513 0.04917546
539 648 0.08370409
539 666 0.05606435
539 714 0.51988941
540 41 0.05746330
540 70 0.05483924
540 72 0.08329741
540 107 0.04330842
540 698 0.05246877
541 616 0.08662820
541 656 0.37226782
541 685 0.26708061
541 691 0.15650657
541 716 0.09113513
542 303 0.09281533
542 500 0.14809719
542 515 0.14721194
542 521 0.10920614
542 528 0.13255996
542 529 0.12028064
542 546 0.15652413
542 550 0.15131244
542 553 0.17497392
542 557 0.13733648
542 569 0.11186086
542 572 0.13431802
542 573 0.18233254
542 576 0.11449454
542 586 0.07230672
542 597 0.06540660
542 599 0.12055925
542 607 0.13584292
542 609 0.18538329
542 614 0.21589789
542 619 0.05875843
542 621 0.05072999
542 627 0.10204220
542 632 0.10755851
542 633 0.14198946
542 643 0.07981860
542 650 0.48776634
542 658 0.19188424
542 667 0.09795562
542 680 0.12470736
542 689 0.11312505
542 718 0.05855653
542 719 0.09318046
542 732 0.20434035
542 736 0.11424979
542 746 0.12178141
543 267 0.06308125
543 353 0.06611886
543 614 0.05988771
543 649 1.00000000
543 743 0.07293045
544 299 0.06149932
544 517 0.05712754
544 544 0.06291148
544 583 0.07239918
544 587 0.06716301
545 74 0.05812517
545 106 0.13559871
545 525 0.07927723
545 550 0.06740894
545 640 0.06213880
546 16 0.08009788
546 22 0.18818701
546 26 0.16263012
546 64 0.05552913
546 81 0.27157109
546 84 0.10226821
546 197 0.06407053
546 635 0.18833245
546 691 0.31509048
546 722 0.15411356
546 725 0.10078556
546 728 0.20249878
547 22 0.08557079
547 89 0.09071259
547 391 0.08100119
547 611 0.06413640
547 641 0.11645203
547 669 0.05540541
547 703 0.09114156
547 735 0.08773528
548 111 0.59202081
548 366 0.11249678
548 555 0.12831455
548 646 0.61151271
548 668 0.55238415
548 669 0.03636962
548 689 0.13245462
548 699 0.20012792
548 707 0.55115726
548 741 0.17009383
548 747 0.63832028
549 37 0.07609265
549 54 0.05027935
549 308 0.05101177
549 672 0.05744020
549 734 0.18515091
550 670 0.15147765
550 675 0.13480804
550 707 0.16042355
550 716 0.18420964
550 736 0.13546683
550 737 0.12540227
551 9 0.15541523
551 31 0.19194331
551 33 0.39574642
551 635 0.19218491
551 641 0.21699688
551 642 0.28134007
551 644 0.38081700
551 657 0.38651185
551 668 0.22663967
551 670 0.22037380
551 678 0.21918009
551 683 0.21280349
551 687 0.19391106
551 711 0.17482729
551 715 0.30587659
551 735 0.32130838
551 744 0.32669545
551 747 0.21259509
551 748 0.14200425
552 9 0.14044411
552 31 0.18802923
552 33 0.37299572
552 641 0.21136089
552 644 0.35593789
552 657 0.42858227
552 668 0.22047619
552 670 0.21557431
552 678 0.19583860
552 683 0.19815500
552 687 0.18973962
552 711 0.17102016
552 715 0.29351236
552 735 0.28834220
552 744 0.29594419
552 747 0.19161938
553 8 0.18502944
553 22 0.11161383
553 26 0.10881297
553 81 0.13365239
553 509 0.04579050
553 691 0.17083183
554 48 0.04208957
554 106 0.08679512
554 312 0.05337570
554 640 0.07187712
554 736 0.05100995
555 116 0.10652203
555 597 0.04586158
555 600 0.10548855
555 649 0.06390875
555 660 0.10943435
555 669 0.03468740
555 675 0.11064020
555 682 0.10326191
556 541 0.04815072
556 605 0.05612305
556 630 0.75306115
556 702 1.00000000
556 731 0.06801481
557 71 0.05633988
557 390 0.07597127
557 507 0.15897582
557 508 0.09272844
557 514 0.04991961
557 516 0.05862177
557 521 0.10303661
557 526 0.08385604
557 552 0.12266140
557 553 0.13442921
557 555 0.16398827
557 569 0.09928944
557 572 0.13333019
557 591 0.13135010
557 602 0.09282317
557 605 0.12352268
557 608 0.12737377
557 609 0.15379136
557 633 0.78640799
557 634 0.41356987
557 642 0.40597094
557 650 0.16290434
557 674 0.09534513
557 680 0.29900448
557 696 0.38519818
557 701 0.08322029
557 708 0.09207401
558 110 0.07798105
558 282 0.09471786
558 319 0.06108037
558 336 0.07215058
558 343 0.09202409
558 680 0.08863997
559 81 0.14240203
559 156 0.06314706
559 308 0.15618174
559 596 0.12780474
559 635 0.12162367
559 691 0.14249310
560 66 0.05636477
560 499 0.05892089
560 563 0.07281785
560 609 0.05959884
560 712 0.05353960
560 721 0.06969940
561 322 0.05858390
561 573 0.10185319
561 620 0.07257219
561 632 1.00000000
561 680 0.10621597
561 694 0.11555776
562 81 0.10983633
562 93 0.12315434
562 102 0.26078288
562 308 0.08450653
562 717 0.55202479
563 53 0.07253877
563 117 0.14889595
563 430 0.07097202
563 664 0.15320492
563 695 0.06820902
563 727 0.07546459
564 41 0.06656277
564 636 1.00000000
564 659 0.81547601
564 671 0.15504115
564 672 0.12377403
564 686 0.18228939
564 729 0.04197007
564 731 0.09933951
565 507 0.06503114
565 555 0.04909328
565 557 0.05327760
565 661 0.05067393
565 732 0.06179211
566 30 0.03151239
566 53 0.10894610
566 67 0.10723794
566 650 0.15049157
566 658 0.10992097
566 675 0.10670924
567 46 0.31329753
567 56 0.13947026
567 62 0.21135631
567 81 0.22910873
567 84 0.18243246
567 109 0.09787728
567 169 0.12186865
567 182 0.10242809
567 635 0.18636572
567 691 0.45768358
567 722 0.16056711
567 728 0.16763951
568 80 0.10362646
568 426 0.05219945
568 650 0.16644850
568 658 0.15813739
568 670 0.48616830
568 746 0.24516523
569 530 0.05831058
569 730 0.07668804
569 735 0.07926963
569 737 0.25377005
569 739 0.07118218
570 26 0.13847911
570 81 0.31766385
570 97 0.12449067
570 635 0.19130957
570 691 0.39171373
570 722 0.17237907
570 728 0.20700642
571 90 0.10870305
571 507 0.09278528
571 609 0.09250773
571 682 0.13010049
571 709 0.12517548
572 629 0.09973182
572 641 0.09950970
572 659 0.07823445
572 665 0.05211626
572 686 0.34254142
572 701 0.08307746
572 730 0.09605578
572 731 0.52676226
572 737 0.13858244
573 182 0.08027359
573 553 0.10322016
573 650 0.13099051
573 658 0.15086422
573 666 0.09012656
573 684 0.08361478
573 693 0.22284583
573 715 0.28005130
574 130 0.07234937
574 666 0.12767255
574 684 0.11142608
574 715 0.10485146
574 719 0.38617506
575 26 0.05383034
575 81 0.20180436
575 97 0.05385605
575 340 0.04789246
575 691 0.08489915
575 717 0.06850445
576 9 0.19529499
576 73 0.18650617
576 293 0.06928723
576 628 0.27071699
576 710 0.21046792
576 725 1.00000000
577 22 0.06024272
577 106 0.18477363
577 474 0.06196457
577 525 0.08059224
577 574 0.04555442
577 640 0.08416715
578 43 0.06492057
578 522 0.06707855
578 587 0.06677477
578 598 0.08950775
578 705 0.71742967
579 468 0.06391630
579 652 0.09231147
579 671 0.06930744
579 675 0.06368346
579 682 0.06912213
580 384 0.06507423
580 500 0.05802740
580 577 0.08449491
580 645 0.06579254
580 721 0.31798317
581 507 0.05595172
581 521 0.06410710
581 525 0.06832156
581 564 0.05843390
581 599 0.07879555
582 529 0.11525561
582 530 0.08913124
582 596 0.09799256
582 633 0.15305815
582 634 0.23373262
582 637 0.33222956
582 642 0.22183244
582 657 0.21162839
582 693 0.21790324
582 696 0.20654738
582 727 0.24885993
583 363 0.08972561
583 625 0.36051791
583 634 0.41991069
583 637 0.33736907
583 641 0.15635843
583 642 0.37499207
583 644 0.23237314
583 657 0.14100390
583 668 0.18625375
583 693 0.22937265
583 696 0.16050102
583 711 0.15138243
583 727 1.00000000
584 116 0.08788562
584 166 0.04709520
584 341 0.09093405
584 630 0.05111360
584 686 0.08332708
584 697 0.24039826
584 702 0.06809075
584 731 0.49717373
585 57 0.09012567
585 334 0.04756273
585 535 0.09537165
585 551 0.08970960
585 698 0.09473351
585 703 0.21710707
586 273 0.05056699
586 507 0.08191625
586 535 0.08757749
586 609 0.08062955
586 666 0.06234426
586 684 0.05858954
586 703 0.09264699
586 719 1.00000000
587 33 0.18598870
587 263 0.07005826
587 644 0.20231834
587 670 0.29119914
587 687 0.27025750
587 707 0.15327353
587 711 0.23770319
587 748 0.17342154
588 130 0.06407700
588 666 1.00000000
588 684 0.10833168
588 715 0.10893033
588 719 0.06234426
589 33 0.17435065
589 641 0.16702563
589 644 0.18169810
589 653 0.10835902
589 665 0.15518232
589 735 0.18994524
589 739 0.09818824
589 744 0.17049107
590 10 0.06455417
590 257 0.05672413
590 564 0.13170566
590 616 0.12601627
590 617 0.05402290
590 660 0.12328496
590 675 0.28568406
590 682 0.14716876
590 707 0.10926364
590 738 0.09562816
591 634 0.22210151
591 637 0.62615922
591 642 0.17807068
591 693 0.18502915
591 727 0.25891205
592 235 0.03756632
592 295 0.03931051
592 437 0.04414563
592 462 0.04537565
592 495 0.05152373
593 150 0.04609391
593 324 0.10603593
593 646 0.07180709
593 653 0.11259282
593 676 0.07874572
593 730 0.08768402
593 739 0.11825501
594 150 0.06646034
594 461 0.07244961
594 601 0.07562967
594 619 0.06430021
594 685 0.07663666
594 709 0.17492359
595 29 0.04012333
595 200 0.03965100
595 344 0.04320405
595 408 0.04637827
595 684 0.46164054
596 2 0.06494303
596 22 0.19337169
596 26 0.18829412
596 27 0.05636902
596 81 0.19476045
596 97 0.16257936
596 538 0.07656694
596 626 0.19010212
596 635 0.27430082
596 691 0.22430379
596 728 0.25442358
597 2 0.10972757
597 9 0.26644837
597 27 0.06163394
597 38 0.11427781
597 61 0.13762096
597 77 0.12933425
597 86 0.05024653
597 108 0.11607555
597 626 0.14664545
597 628 0.32948404
597 652 0.10447817
597 665 0.06122138
597 725 0.19564293
597 728 0.19202513
598 411 0.06316211
598 550 0.11234068
598 690 0.52297390
598 698 0.10700481
598 723 0.05898233
598 740 1.00000000
598 741 0.59547947
599 19 0.04411285
599 51 0.04177665
599 404 0.04057760
599 683 0.04224745
599 704 1.00000000
