0 19 0.09413514
0 29 0.09453723
0 47 0.11095466
0 82 0.36254430
0 95 0.15047843
1 6 0.16544859
1 23 0.10483387
1 58 0.31295620
1 94 0.13182419
1 562 0.13528887
2 19 0.15110707
2 41 0.15893564
2 63 0.14408247
2 72 0.11774194
2 73 0.09038712
2 85 0.11448998
2 94 0.22604974
2 127 0.07458066
2 417 0.13036970
2 418 0.09275241
2 448 0.15014114
2 496 0.06514998
2 565 0.05426130
3 33 0.07541329
3 47 0.08019971
3 218 0.07647995
3 394 0.06948789
3 424 0.07766001
4 15 0.18096282
4 16 0.14925803
4 21 0.15872743
4 26 0.19300507
4 63 0.14366313
4 71 0.17243089
4 95 0.13325750
4 107 0.04448155
4 549 0.04856729
5 12 0.07040630
5 13 0.04906684
5 32 0.09117572
5 316 0.04822035
5 519 0.04343576
6 1 0.16544859
6 23 0.14698064
6 47 0.10714587
6 58 0.14471515
6 413 0.07398870
6 562 0.18375781
7 24 0.87971228
7 82 0.08681052
7 140 0.06702000
7 433 0.07364094
7 434 0.05356048
7 507 0.06042612
8 38 0.11483808
8 57 0.05349539
8 86 0.23712604
8 88 0.13869010
8 94 0.14461747
8 111 0.05718054
8 241 0.08851833
8 448 0.12171603
8 499 0.15265915
8 505 0.07861088
8 535 0.08598853
9 15 0.14783108
9 16 0.16353511
9 26 0.16854090
9 76 0.15969536
9 83 0.28714381
10 94 0.06149539
10 242 0.07139023
10 251 0.05973282
10 524 0.07751734
10 580 0.06261161
11 14 0.18509250
11 66 0.19020632
11 70 0.10605458
11 78 0.26527677
11 81 0.21048799
11 82 0.22074404
11 85 0.20200555
11 95 0.10007782
12 5 0.07040630
12 22 0.22028579
12 28 0.23342138
12 41 0.21112285
12 46 0.23826038
12 62 0.27597559
12 83 0.06960695
12 89 0.21101558
12 458 0.10785302
12 487 0.10040442
12 502 0.11045101
12 559 0.13866333
12 596 0.15852461
13 5 0.04906684
13 66 0.10716619
13 70 0.08352370
13 91 0.14876113
13 94 0.10277423
13 448 0.11121836
13 463 0.11598505
13 509 0.08939505
13 520 0.04551703
13 540 0.07354643
14 11 0.18509250
14 66 0.20155980
14 78 0.31123838
14 81 0.21074123
14 82 0.24062841
15 4 0.18096282
15 9 0.14783108
15 17 0.16971205
15 21 0.18239329
15 25 0.15190542
15 26 0.67867904
15 45 0.26827998
15 60 0.30303215
15 76 0.17212002
15 84 0.18135603
15 570 0.14471462
16 4 0.14925803
16 9 0.16353511
16 21 0.16007317
16 26 0.17172458
16 46 0.17041605
16 62 0.18618746
16 76 0.29113573
17 15 0.16971205
17 23 0.28757410
17 26 0.16217688
17 45 0.15081550
17 60 0.18189596
17 66 0.26145444
17 405 0.05980169
18 20 0.09210763
18 30 0.05816581
18 46 0.07508847
18 76 0.08071552
18 575 0.34599338
19 0 0.09413514
19 2 0.15110707
19 47 0.09345945
19 94 0.09390474
19 448 0.07920172
20 18 0.09210763
20 30 0.17534170
20 46 0.20902213
20 59 0.12164014
20 76 0.20623460
20 83 0.10577800
20 90 0.14610190
20 363 0.06724581
20 567 0.16583128
21 4 0.15872743
21 15 0.18239329
21 16 0.16007317
21 25 0.65531042
21 26 0.18614038
21 36 0.24996299
21 50 0.10065060
21 513 0.10477889
22 12 0.22028579
22 28 0.18181118
22 30 0.21985964
22 41 0.16092687
22 49 0.26699262
22 89 0.39803204
22 90 0.39321033
22 213 0.06178285
22 458 0.12242027
22 502 0.11077081
22 556 0.04638884
23 1 0.10483387
23 6 0.14698064
23 17 0.28757410
23 36 0.21857524
23 55 0.25255685
23 58 0.13110735
23 65 0.21887196
23 66 0.38155335
23 562 0.18585677
24 7 0.87971228
24 162 0.05861294
24 433 0.06581510
24 470 0.06483457
24 507 0.06096593
25 15 0.15190542
25 21 0.65531042
25 26 0.15252287
25 36 0.24081204
25 45 0.14063126
25 51 0.11181305
25 79 0.10168189
26 4 0.19300507
26 9 0.16854090
26 15 0.67867904
26 16 0.17172458
26 17 0.16217688
26 21 0.18614038
26 25 0.15252287
26 45 0.24555696
26 60 0.30889532
26 63 0.14802203
26 84 0.16099675
26 567 0.18082015
26 570 0.15617797
27 54 0.07434460
27 72 0.10394457
27 88 0.07187439
27 448 0.07109891
27 533 0.12882071
28 12 0.23342138
28 22 0.18181118
28 46 0.22103701
28 49 0.45511571
28 62 0.27467044
28 87 0.14753969
28 502 0.11714150
29 0 0.09453723
29 42 0.06305983
29 47 0.14890681
29 88 0.13557142
29 94 0.14978304
29 448 0.13623172
29 487 0.10113497
29 533 0.10979282
30 18 0.05816581
30 20 0.17534170
30 22 0.21985964
30 46 0.18591160
30 49 0.23659248
30 89 0.23036838
30 90 0.35952849
30 363 0.06187650
30 469 0.07821439
30 539 0.05918436
31 69 0.13270076
31 94 0.11571608
31 267 0.11634031
31 410 0.13328821
31 461 0.09498016
31 489 0.08969228
31 590 0.11510221
32 5 0.09117572
32 35 0.37553825
32 73 0.07251303
32 94 0.06835003
32 448 0.07722019
33 3 0.07541329
33 73 0.11003784
33 508 0.16910326
33 526 0.20721685
33 551 0.23110783
33 552 0.22218290
33 583 0.15933186
34 37 0.11919231
34 94 0.10714520
34 424 0.10428301
34 470 0.12846755
34 533 0.11507142
35 32 0.37553825
35 94 0.06129830
35 447 0.07120579
35 499 0.06316650
35 510 0.05906265
36 21 0.24996299
36 23 0.21857524
36 25 0.24081204
36 51 0.15872145
36 55 0.19980177
36 66 0.21739426
36 79 0.11524089
36 513 0.07835023
37 34 0.11919231
37 71 0.09608753
37 79 0.10531631
37 448 0.09252995
37 533 0.10882745
38 8 0.11483808
38 94 0.13100603
38 98 0.23983744
38 111 0.05763543
38 432 0.07905644
38 447 0.23573692
38 448 0.11894993
38 459 0.10323349
38 473 0.10992401
38 479 0.08366752
38 560 0.05625918
38 579 0.06040331
38 584 0.09104438
39 66 0.23198677
39 78 0.20619382
39 81 0.16969513
39 82 0.18814665
39 98 0.12017406
39 428 0.12367869
39 472 0.14357120
39 478 0.06070576
39 553 0.18502944
40 43 0.18813080
40 53 0.30190235
40 59 0.07195198
40 77 0.08770123
40 433 0.07376374
41 2 0.15893564
41 12 0.21112285
41 22 0.16092687
41 70 0.11469304
41 89 0.16213885
41 94 0.19823633
41 127 0.08022470
41 158 0.04710756
41 188 0.04169066
41 217 0.04984446
41 220 0.08434401
41 418 0.09369579
41 458 0.13317837
41 502 0.12832566
41 509 0.07127422
41 512 0.07044166
41 546 0.17688312
41 547 0.07898736
41 553 0.13477060
41 559 0.12596845
41 569 0.04569562
41 576 0.08633920
42 29 0.06305983
42 94 0.06229435
42 245 0.06813536
42 295 0.06580130
42 537 0.14076135
43 40 0.18813080
43 53 0.29818169
43 77 0.21640599
43 94 0.08726986
43 433 0.07601794
43 526 0.09635624
44 48 0.31589512
44 54 0.44837996
44 65 0.22215768
44 419 0.12713680
44 597 0.12933425
45 15 0.26827998
45 17 0.15081550
45 25 0.14063126
45 26 0.24555696
45 60 0.18451631
46 12 0.23826038
46 16 0.17041605
46 18 0.07508847
46 20 0.20902213
46 28 0.22103701
46 30 0.18591160
46 62 0.59814557
46 76 0.25729324
46 84 0.16394637
46 90 0.21043073
47 0 0.11095466
47 3 0.08019971
47 6 0.10714587
47 19 0.09345945
47 29 0.14890681
47 94 0.16072411
47 409 0.11970480
47 448 0.12030407
47 524 0.09494996
47 545 0.06073447
47 577 0.08877943
47 594 0.06218516
48 44 0.31589512
48 65 0.20631108
48 192 0.04951154
48 399 0.04381460
48 510 0.04337617
49 22 0.26699262
49 28 0.45511571
49 30 0.23659248
49 87 0.10541468
49 89 0.23753630
49 90 0.27941385
49 363 0.07127605
49 534 0.02840214
49 558 0.06967647
50 21 0.10065060
50 94 0.09804677
50 99 0.08072412
50 421 0.06678628
50 462 0.08612721
50 466 0.12246551
51 25 0.11181305
51 36 0.15872145
51 71 0.09505920
51 79 0.29240834
51 94 0.09137698
51 136 0.06554477
51 548 0.08734666
51 556 0.04095141
52 78 0.13899679
52 82 0.14181130
52 162 0.14262650
52 232 0.07760761
52 408 0.12272172
52 456 0.11034005
52 464 0.09065029
53 40 0.30190235
53 43 0.29818169
53 77 0.26306875
53 181 0.04799206
53 273 0.06958245
53 506 0.07140489
54 27 0.07434460
54 44 0.44837996
54 73 0.08886012
54 419 0.11165788
54 564 0.07262436
54 572 0.06800951
54 596 0.07750103
54 597 0.13369030
55 23 0.25255685
55 36 0.19980177
55 61 0.11884355
55 64 0.05594718
55 65 0.25719887
55 66 0.24337564
55 473 0.13034429
55 526 0.21857274
56 74 0.15349658
56 96 0.10749551
56 153 0.06010005
56 193 0.12128111
56 422 0.09919868
56 476 0.09282745
57 8 0.05349539
57 73 0.06021231
57 94 0.04826960
57 407 0.12203477
57 435 0.05761490
58 1 0.31295620
58 6 0.14471515
58 23 0.13110735
58 559 0.07408230
58 562 0.19191028
59 20 0.12164014
59 40 0.07195198
59 64 0.07205880
59 83 0.09324142
59 118 0.08346283
59 122 0.07876006
59 193 0.06633851
59 534 0.06738345
59 546 0.10622593
59 567 0.16210412
60 15 0.30303215
60 17 0.18189596
60 26 0.30889532
60 45 0.18451631
60 63 0.16951915
61 55 0.11884355
61 487 0.08063499
61 508 0.14700815
61 526 0.25572086
61 549 0.05510515
61 551 0.21051940
61 552 0.18936999
62 12 0.27597559
62 16 0.18618746
62 28 0.27467044
62 46 0.59814557
62 84 0.16625268
62 90 0.18552343
63 2 0.14408247
63 4 0.14366313
63 26 0.14802203
63 60 0.16951915
63 71 0.12330718
63 94 0.14632520
64 55 0.05594718
64 59 0.07205880
64 65 0.06350511
64 66 0.05217855
64 546 0.05552913
65 23 0.21887196
65 44 0.22215768
65 48 0.20631108
65 55 0.25719887
65 64 0.06350511
65 66 0.21810226
66 11 0.19020632
66 13 0.10716619
66 14 0.20155980
66 17 0.26145444
66 23 0.38155335
66 36 0.21739426
66 39 0.23198677
66 55 0.24337564
66 64 0.05217855
66 65 0.21810226
66 78 0.26065077
66 81 0.20277918
67 73 0.05180989
67 74 0.10246201
67 75 0.07169357
67 533 0.13537323
67 538 0.14412131
68 326 0.14151116
68 525 0.03991360
68 546 0.16263012
68 567 0.13147277
68 570 0.13847911
68 596 0.18829412
69 31 0.13270076
69 91 0.10698238
69 346 0.10140084
69 448 0.12324291
69 462 0.10644106
69 495 0.08470071
70 11 0.10605458
70 13 0.08352370
70 41 0.11469304
70 85 0.08093089
70 94 0.10874579
71 4 0.17243089
71 37 0.09608753
71 51 0.09505920
71 63 0.12330718
71 94 0.11508793
71 99 0.12118062
71 201 0.04948954
71 513 0.08106710
71 547 0.09071259
72 2 0.11774194
72 27 0.10394457
72 86 0.11979370
72 88 0.12129418
72 94 0.17999709
72 213 0.05980204
72 448 0.12054849
72 500 0.10373546
73 2 0.09038712
73 32 0.07251303
73 33 0.11003784
73 54 0.08886012
73 57 0.06021231
73 67 0.05180989
73 80 0.10304019
73 94 0.10222522
73 230 0.10793413
73 394 0.05927473
74 56 0.15349658
74 67 0.10246201
74 75 0.11797413
74 96 0.20162740
74 193 0.05670189
74 533 0.12953695
75 67 0.07169357
75 74 0.11797413
75 91 0.09229261
75 96 0.14107457
75 455 0.09976282
75 472 0.15309003
75 480 0.10533760
75 485 0.12477021
75 542 0.12757602
75 571 0.10122558
76 9 0.15969536
76 15 0.17212002
76 16 0.29113573
76 18 0.08071552
76 20 0.20623460
76 46 0.25729324
76 84 0.18473716
77 40 0.08770123
77 43 0.21640599
77 53 0.26306875
77 94 0.16177295
77 438 0.10882389
77 442 0.11078117
77 521 0.08563618
77 549 0.03857296
77 557 0.10895796
78 11 0.26527677
78 14 0.31123838
78 39 0.20619382
78 52 0.13899679
78 66 0.26065077
78 81 0.37922942
78 82 0.36531857
79 25 0.10168189
79 36 0.11524089
79 37 0.10531631
79 51 0.29240834
79 521 0.12908207
80 73 0.10304019
80 86 0.12279573
80 94 0.08011153
80 108 0.05533575
80 116 0.06031975
80 220 0.07678760
80 394 0.06921749
80 448 0.08732794
81 11 0.21048799
81 14 0.21074123
81 39 0.16969513
81 66 0.20277918
81 78 0.37922942
81 82 0.25658629
81 93 0.14842399
81 390 0.09163450
82 0 0.36254430
82 7 0.08681052
82 11 0.22074404
82 14 0.24062841
82 39 0.18814665
82 52 0.14181130
82 78 0.36531857
82 81 0.25658629
82 95 0.13060453
83 9 0.28714381
83 12 0.06960695
83 20 0.10577800
83 59 0.09324142
83 567 0.13014652
84 15 0.18135603
84 26 0.16099675
84 46 0.16394637
84 62 0.16625268
84 76 0.18473716
84 278 0.07264137
84 532 0.10752389
85 2 0.11448998
85 11 0.20200555
85 70 0.08093089
85 95 0.07044157
85 314 0.09596802
85 595 0.04061404
86 8 0.23712604
86 72 0.11979370
86 80 0.12279573
86 94 0.17707916
86 409 0.15515379
86 411 0.13275513
86 447 0.13373166
86 449 0.09741715
86 477 0.13264976
86 504 0.11139805
86 560 0.06068106
86 580 0.06973576
87 28 0.14753969
87 49 0.10541468
87 88 0.10782447
87 94 0.10923144
87 96 0.13244332
87 103 0.07546177
87 474 0.08102022
88 8 0.13869010
88 27 0.07187439
88 29 0.13557142
88 72 0.12129418
88 87 0.10782447
88 94 0.18972541
88 400 0.12459423
88 414 0.13839061
88 438 0.12414217
88 442 0.14904457
88 443 0.07604030
88 448 0.14035415
88 492 0.09406945
88 500 0.10289292
88 519 0.10104176
88 535 0.09507307
88 594 0.06386763
89 12 0.21101558
89 22 0.39803204
89 30 0.23036838
89 41 0.16213885
89 49 0.23753630
89 90 0.87309440
90 20 0.14610190
90 22 0.39321033
90 30 0.35952849
90 46 0.21043073
90 49 0.27941385
90 62 0.18552343
90 89 0.87309440
91 13 0.14876113
91 69 0.10698238
91 75 0.09229261
91 94 0.09412770
91 416 0.08409477
91 555 0.09273433
92 323 0.04101297
92 336 0.13343084
92 391 0.05673073
92 444 0.07405308
92 469 0.07295696
93 81 0.14842399
93 412 0.08388032
93 422 0.12338350
93 447 0.10233076
93 512 0.07246886
93 538 0.09967213
93 557 0.11313361
94 1 0.13182419
94 2 0.22604974
94 8 0.14461747
94 10 0.06149539
94 13 0.10277423
94 19 0.09390474
94 29 0.14978304
94 31 0.11571608
94 32 0.06835003
94 34 0.10714520
94 35 0.06129830
94 38 0.13100603
94 41 0.19823633
94 42 0.06229435
94 43 0.08726986
94 47 0.16072411
94 50 0.09804677
94 51 0.09137698
94 57 0.04826960
94 63 0.14632520
94 70 0.10874579
94 71 0.11508793
94 72 0.17999709
94 73 0.10222522
94 77 0.16177295
94 80 0.08011153
94 86 0.17707916
94 87 0.10923144
94 88 0.18972541
94 91 0.09412770
94 96 0.12822666
94 99 0.09289360
94 127 0.07774371
94 217 0.04806685
94 230 0.12494648
94 400 0.12757119
94 401 0.07599658
94 403 0.05624180
94 405 0.05431736
94 409 0.15021137
94 414 0.15278136
94 416 0.07287860
94 417 0.19168877
94 418 0.10479624
94 422 0.14039135
94 424 0.12287556
94 425 0.08164233
94 431 0.15562368
94 435 0.10257948
94 438 0.11745545
94 439 0.11442049
94 442 0.17219796
94 445 0.07755840
94 447 0.15034770
94 448 0.25588585
94 453 0.07039494
94 458 0.15874256
94 459 0.11462930
94 462 0.13634856
94 463 0.13166688
94 470 0.14644076
94 480 0.11111858
94 491 0.14908669
94 494 0.06924899
94 496 0.07662824
94 502 0.12881174
94 504 0.12149810
94 507 0.15766633
94 509 0.08805348
94 512 0.06159940
94 515 0.14334518
94 521 0.09096774
94 522 0.16118394
94 524 0.09662243
94 528 0.09873768
94 532 0.11360147
94 533 0.19739204
94 535 0.09911906
94 538 0.09483952
94 541 0.07309715
94 545 0.06808350
94 547 0.09712674
94 555 0.11944050
94 571 0.09471147
94 577 0.07042100
94 580 0.07754724
94 581 0.05167430
94 585 0.09446066
94 590 0.12908026
94 593 0.07416312
94 597 0.11591002
94 599 0.03752657
95 0 0.15047843
95 4 0.13325750
95 11 0.10007782
95 82 0.13060453
95 85 0.07044157
95 448 0.07352785
96 56 0.10749551
96 74 0.20162740
96 75 0.14107457
96 87 0.13244332
96 94 0.12822666
96 417 0.11709863
96 452 0.08694936
96 545 0.07092643
96 554 0.04469207
97 482 0.14164163
97 508 0.17759594
97 510 0.14842760
97 526 0.14270331
97 551 0.18340969
97 552 0.17896982
98 38 0.23983744
98 39 0.12017406
98 447 0.10054301
98 448 0.09705440
98 473 0.13329583
98 512 0.05724465
98 518 0.06249984
98 584 0.08368199
99 50 0.08072412
99 71 0.12118062
99 94 0.09289360
99 446 0.08034872
99 521 0.08428229
100 114 0.07797288
100 115 0.07228758
100 116 0.06504566
100 124 0.08140942
100 142 0.06847173
100 163 0.07115490
100 173 0.06278935
101 104 0.21329820
101 107 0.06986879
101 134 0.24841884
101 144 0.14636759
101 186 0.08855491
101 190 0.09024774
102 130 0.06000742
102 132 0.07882627
102 144 0.05385289
102 146 0.07718107
102 157 0.06358708
102 163 0.08553513
102 167 0.05908439
102 169 0.08436273
102 171 0.10211592
102 190 0.15213396
103 87 0.07546177
103 108 0.04871019
103 117 0.31768103
103 155 0.04595737
103 317 0.04802201
104 101 0.21329820
104 109 0.08783003
104 124 0.07315029
104 134 0.16351473
104 186 0.68291990
104 190 0.13748949
105 130 0.07408203
105 138 0.10550408
105 144 0.11260944
105 150 0.08759283
105 154 0.16017821
105 160 0.10322599
105 191 0.17079770
105 192 0.08271036
106 120 0.14080282
106 128 0.09521872
106 131 0.09258370
106 138 0.15227950
106 147 0.10607714
106 150 0.12126655
106 161 0.07329686
106 163 0.13672496
106 183 0.08020095
107 4 0.04448155
107 101 0.06986879
107 195 0.06232248
107 366 0.04782500
107 370 0.03946744
108 80 0.05533575
108 103 0.04871019
108 118 0.06566284
108 150 0.05883779
108 181 0.06058843
108 411 0.05603602
109 104 0.08783003
109 126 0.24347771
109 131 0.19174781
109 140 0.07009900
109 165 0.07527435
109 176 0.06930865
109 179 0.08148274
109 180 0.20090097
109 186 0.09870384
109 190 0.18848791
110 121 0.08896861
110 128 0.36397540
110 134 0.14687882
110 158 0.04633478
110 183 0.05116163
110 186 0.09387904
110 190 0.10909223
110 285 0.07176947
111 8 0.05718054
111 38 0.05763543
111 160 0.06740672
111 162 0.10538535
111 164 0.06136721
112 117 0.05035504
112 213 0.07400157
112 243 0.05356343
112 383 0.05251278
112 594 0.05016237
113 127 0.06754389
113 152 0.06925042
113 163 0.09490215
113 182 0.07585076
113 506 0.07055491
114 100 0.07797288
114 123 0.08680212
114 133 0.08152501
114 139 0.07384718
114 153 0.06766057
114 156 0.06136814
114 168 0.12992584
115 100 0.07228758
115 124 0.66807186
115 142 0.06486386
115 186 0.07434206
115 591 0.07695519
116 80 0.06031975
116 100 0.06504566
116 143 0.06732536
116 151 0.04678875
116 166 0.06036946
116 191 0.06014168
117 103 0.31768103
117 112 0.05035504
117 120 0.05791117
117 172 0.07847463
117 267 0.05985250
117 295 0.06083555
118 59 0.08346283
118 108 0.06566284
118 120 0.09460015
118 122 0.18246739
118 183 0.04383023
118 189 0.06377598
118 385 0.07468186
118 567 0.13604936
119 121 0.27155113
119 138 0.07298381
119 142 0.08215429
119 163 0.05045457
119 166 0.05518908
120 106 0.14080282
120 117 0.05791117
120 118 0.09460015
120 128 0.13620507
120 129 0.08774471
120 131 0.16964233
120 132 0.10999364
120 155 0.12060641
120 158 0.09379535
120 176 0.09115414
120 183 0.05925706
120 196 0.06196874
120 362 0.06226888
121 110 0.08896861
121 119 0.27155113
121 138 0.11628851
121 142 0.08306236
121 143 0.08889132
121 163 0.12058775
121 166 0.09089227
121 170 0.05612942
122 59 0.07876006
122 118 0.18246739
122 142 0.07987532
122 567 0.10242809
122 573 0.08027359
122 574 0.06163016
122 588 0.05438358
123 114 0.08680212
123 138 0.06646244
123 153 0.06129177
123 182 0.05684232
123 393 0.07377266
123 398 0.07477477
124 100 0.08140942
124 104 0.07315029
124 115 0.66807186
124 155 0.09741346
124 176 0.06789597
124 186 0.09758207
124 268 0.06684931
125 128 0.07854283
125 153 0.07793414
125 163 0.05185683
125 168 0.05308254
125 299 0.07371202
126 109 0.24347771
126 131 0.16350672
126 135 0.04870129
126 163 0.05365054
126 502 0.04869261
127 2 0.07458066
127 41 0.08022470
127 94 0.07774371
127 113 0.06754389
127 170 0.05238434
127 417 0.08717548
127 434 0.06404386
127 449 0.06463483
127 520 0.04775023
127 546 0.10902748
128 106 0.09521872
128 110 0.36397540
128 120 0.13620507
128 125 0.07854283
128 177 0.08063622
128 195 0.06975122
129 120 0.08774471
129 138 0.09259215
129 140 0.08593674
129 165 0.06306922
129 169 0.10613119
129 190 0.18714828
130 102 0.06000742
130 105 0.07408203
130 163 0.06275839
130 186 0.06911225
130 345 0.05195397
131 106 0.09258370
131 109 0.19174781
131 120 0.16964233
131 126 0.16350672
131 139 0.09126825
131 155 0.12643935
131 184 0.06586833
131 196 0.08845640
132 102 0.07882627
132 120 0.10999364
132 143 0.07161950
132 146 0.04936028
132 163 0.10112814
132 168 0.07675362
132 187 0.06294800
133 114 0.08152501
133 139 0.10146844
133 172 0.07873859
133 184 0.08439562
133 197 0.07904879
134 101 0.24841884
134 104 0.16351473
134 110 0.14687882
134 142 0.06834078
134 163 0.06101415
135 126 0.04870129
135 163 0.05764123
135 179 0.06346956
135 188 0.06210362
135 510 0.05363357
136 51 0.06554477
136 160 0.05390919
136 205 0.08003012
136 298 0.05269130
136 534 0.05855819
137 140 0.59893682
137 333 0.04863317
137 355 0.05197594
137 373 0.05025072
137 521 0.04978590
138 105 0.10550408
138 106 0.15227950
138 119 0.07298381
138 121 0.11628851
138 123 0.06646244
138 129 0.09259215
138 141 0.07011509
138 143 0.10903819
138 145 0.05692529
138 147 0.09111421
138 160 0.05488732
138 163 0.13612810
138 166 0.08891730
138 178 0.06777032
138 196 0.10053475
139 114 0.07384718
139 131 0.09126825
139 133 0.10146844
139 163 0.07901491
139 172 0.10490017
139 186 0.07809653
140 7 0.06702000
140 109 0.07009900
140 129 0.08593674
140 137 0.59893682
140 186 0.08342820
140 190 0.11773135
141 138 0.07011509
141 155 0.06693191
141 163 0.08125618
141 177 0.06730633
141 189 0.08416567
141 565 0.04584817
142 100 0.06847173
142 115 0.06486386
142 119 0.08215429
142 121 0.08306236
142 122 0.07987532
142 134 0.06834078
142 152 0.10106321
142 163 0.10386624
142 165 0.07691825
142 168 0.12941895
142 194 0.06043636
143 116 0.06732536
143 121 0.08889132
143 132 0.07161950
143 138 0.10903819
143 163 0.12368582
143 166 0.59935343
143 167 0.07943948
143 173 0.05598835
143 196 0.09569674
144 101 0.14636759
144 102 0.05385289
144 105 0.11260944
144 179 0.10549970
144 190 0.09781039
145 138 0.05692529
145 208 0.05968645
145 281 0.04988762
145 410 0.04933410
145 411 0.04956774
146 102 0.07718107
146 132 0.04936028
146 192 0.05546840
146 199 0.05389969
146 237 0.06842182
147 106 0.10607714
147 138 0.09111421
147 155 0.09098750
147 156 0.08575942
147 163 0.11478688
147 171 0.08702750
147 172 0.08180646
147 181 0.04880507
147 189 0.05530021
147 191 0.08619994
147 265 0.05543004
147 279 0.06709552
148 264 0.05690235
148 275 0.07445987
148 297 0.06552368
148 306 0.07622474
148 310 0.07301903
148 337 0.08274975
148 380 0.07348425
148 384 0.09861846
149 157 0.70626180
149 175 0.08483711
149 355 0.06052959
149 390 0.05081247
149 476 0.05004996
150 105 0.08759283
150 106 0.12126655
150 108 0.05883779
150 191 0.08812132
150 192 0.07017157
150 454 0.13063258
151 116 0.04678875
151 163 0.03898897
151 164 0.03910329
151 184 0.04544468
151 286 0.07154951
152 113 0.06925042
152 142 0.10106321
152 159 0.09664913
152 163 0.08395977
152 171 0.08574834
153 56 0.06010005
153 114 0.06766057
153 123 0.06129177
153 125 0.07793414
153 168 0.06374106
153 193 0.05761066
154 105 0.16017821
154 160 0.05360021
154 161 0.06155555
154 180 0.07271893
154 186 0.05742589
154 192 0.05274284
154 243 0.05994197
155 103 0.04595737
155 120 0.12060641
155 124 0.09741346
155 131 0.12643935
155 141 0.06693191
155 147 0.09098750
155 163 0.12448532
155 173 0.07200930
155 185 0.08113503
156 114 0.06136814
156 147 0.08575942
156 161 0.06642690
156 168 0.09467324
156 176 0.06333872
157 102 0.06358708
157 149 0.70626180
157 171 0.05883559
157 190 0.06122555
157 355 0.07267346
158 41 0.04710756
158 110 0.04633478
158 120 0.09379535
158 176 0.04681660
158 436 0.04255064
159 152 0.09664913
159 163 0.05081176
159 205 0.06466734
159 461 0.05679706
159 489 0.07117472
160 105 0.10322599
160 111 0.06740672
160 136 0.05390919
160 138 0.05488732
160 154 0.05360021
160 534 0.04534523
161 106 0.07329686
161 154 0.06155555
161 156 0.06642690
161 163 0.08251808
161 185 0.08344327
161 191 0.11963615
161 197 0.07899957
162 24 0.05861294
162 52 0.14262650
162 111 0.10538535
162 167 0.04760775
162 168 0.07420279
162 170 0.05060185
162 225 0.06801559
162 539 0.06604009
163 100 0.07115490
163 102 0.08553513
163 106 0.13672496
163 113 0.09490215
163 119 0.05045457
163 121 0.12058775
163 125 0.05185683
163 126 0.05365054
163 130 0.06275839
163 132 0.10112814
163 134 0.06101415
163 135 0.05764123
163 138 0.13612810
163 139 0.07901491
163 141 0.08125618
163 142 0.10386624
163 143 0.12368582
163 147 0.11478688
163 151 0.03898897
163 152 0.08395977
163 155 0.12448532
163 159 0.05081176
163 161 0.08251808
163 164 0.07526674
163 166 0.09715370
163 169 0.08024870
163 171 0.11396756
163 172 0.08574153
163 173 0.07699133
163 178 0.07596760
163 180 0.08286686
163 181 0.06268517
163 183 0.04323372
163 184 0.06886207
163 188 0.04883107
163 189 0.06210337
163 191 0.11513714
163 196 0.08964417
163 230 0.11815851
164 111 0.06136721
164 151 0.03910329
164 163 0.07526674
164 168 0.14765231
164 174 0.07869227
164 177 0.10469669
164 179 0.15592383
165 109 0.07527435
165 129 0.06306922
165 142 0.07691825
165 180 0.52575415
165 190 0.13658338
166 116 0.06036946
166 119 0.05518908
166 121 0.09089227
166 138 0.08891730
166 143 0.59935343
166 163 0.09715370
166 167 0.11751399
166 228 0.05727146
166 434 0.07061159
167 102 0.05908439
167 143 0.07943948
167 162 0.04760775
167 166 0.11751399
167 345 0.09531893
168 114 0.12992584
168 125 0.05308254
168 132 0.07675362
168 142 0.12941895
168 153 0.06374106
168 156 0.09467324
168 162 0.07420279
168 164 0.14765231
168 176 0.09791913
168 187 0.05376529
168 199 0.09374951
169 102 0.08436273
169 129 0.10613119
169 163 0.08024870
169 171 0.08844287
169 244 0.07538961
170 121 0.05612942
170 127 0.05238434
170 162 0.05060185
170 545 0.05798912
170 577 0.05702690
171 102 0.10211592
171 147 0.08702750
171 152 0.08574834
171 157 0.05883559
171 163 0.11396756
171 169 0.08844287
171 197 0.08033500
172 117 0.07847463
172 133 0.07873859
172 139 0.10490017
172 147 0.08180646
172 163 0.08574153
172 178 0.06252391
172 217 0.04599719
173 100 0.06278935
173 143 0.05598835
173 155 0.07200930
173 163 0.07699133
173 244 0.06449140
173 258 0.04915020
174 164 0.07869227
174 180 0.07528825
174 186 0.08802883
174 190 0.15014825
174 324 0.07239666
175 149 0.08483711
175 238 0.08454491
175 269 0.07517716
175 281 0.10285917
175 290 0.06243193
176 109 0.06930865
176 120 0.09115414
176 124 0.06789597
176 156 0.06333872
176 158 0.04681660
176 168 0.09791913
176 186 0.07998352
177 128 0.08063622
177 141 0.06730633
177 164 0.10469669
177 179 0.05887988
177 242 0.05828512
178 138 0.06777032
178 163 0.07596760
178 172 0.06252391
178 188 0.07276678
178 189 0.06856995
179 109 0.08148274
179 135 0.06346956
179 144 0.10549970
179 164 0.15592383
179 177 0.05887988
179 190 0.14103753
180 109 0.20090097
180 154 0.07271893
180 163 0.08286686
180 165 0.52575415
180 174 0.07528825
180 186 0.09642057
180 190 0.12396381
181 53 0.04799206
181 108 0.06058843
181 147 0.04880507
181 163 0.06268517
181 501 0.05856923
182 113 0.07585076
182 123 0.05684232
182 194 0.05189330
182 355 0.06599103
182 390 0.06144507
182 432 0.05607431
183 106 0.08020095
183 110 0.05116163
183 118 0.04383023
183 120 0.05925706
183 163 0.04323372
184 131 0.06586833
184 133 0.08439562
184 151 0.04544468
184 163 0.06886207
184 186 0.08080204
184 197 0.08559214
185 155 0.08113503
185 161 0.08344327
185 194 0.05172955
185 199 0.18728038
185 287 0.07125732
185 590 0.06031940
186 101 0.08855491
186 104 0.68291990
186 109 0.09870384
186 110 0.09387904
186 115 0.07434206
186 124 0.09758207
186 130 0.06911225
186 139 0.07809653
186 140 0.08342820
186 154 0.05742589
186 174 0.08802883
186 176 0.07998352
186 180 0.09642057
186 184 0.08080204
186 187 0.07955841
186 190 0.19047350
186 192 0.08460223
187 132 0.06294800
187 168 0.05376529
187 186 0.07955841
187 191 0.05636545
187 461 0.06661310
188 41 0.04169066
188 135 0.06210362
188 163 0.04883107
188 178 0.07276678
188 458 0.04869648
189 118 0.06377598
189 141 0.08416567
189 147 0.05530021
189 163 0.06210337
189 178 0.06856995
189 403 0.05303330
190 101 0.09024774
190 102 0.15213396
190 104 0.13748949
190 109 0.18848791
190 110 0.10909223
190 129 0.18714828
190 140 0.11773135
190 144 0.09781039
190 157 0.06122555
190 165 0.13658338
190 174 0.15014825
190 179 0.14103753
190 180 0.12396381
190 186 0.19047350
190 199 0.06716525
191 105 0.17079770
191 116 0.06014168
191 147 0.08619994
191 150 0.08812132
191 161 0.11963615
191 163 0.11513714
191 187 0.05636545
192 48 0.04951154
192 105 0.08271036
192 146 0.05546840
192 150 0.07017157
192 154 0.05274284
192 186 0.08460223
193 56 0.12128111
193 59 0.06633851
193 74 0.05670189
193 153 0.05761066
193 546 0.06185156
194 142 0.06043636
194 182 0.05189330
194 185 0.05172955
194 285 0.05218254
194 519 0.06964392
194 540 0.04536904
195 107 0.06232248
195 128 0.06975122
195 370 0.07415644
195 579 0.23041589
195 589 0.24445032
196 120 0.06196874
196 131 0.08845640
196 138 0.10053475
196 143 0.09569674
196 163 0.08964417
197 133 0.07904879
197 161 0.07899957
197 171 0.08033500
197 184 0.08559214
197 205 0.07893951
197 403 0.06411421
198 261 0.06253660
198 263 0.05648725
198 264 0.03983255
198 388 0.04160855
198 559 0.03459339
199 146 0.05389969
199 168 0.09374951
199 185 0.18728038
199 190 0.06716525
199 390 0.07388926
199 459 0.07465732
199 595 0.05164313
200 208 0.14952493
200 210 0.12960670
200 221 0.15438316
200 224 0.07865779
200 225 0.11092340
200 231 0.24075814
200 249 0.06833657
200 258 0.12656400
200 286 0.16557199
201 71 0.04948954
201 224 0.05455141
201 231 0.05207153
201 239 0.04027928
201 448 0.04024504
202 219 0.19296705
202 227 0.16834570
202 237 0.06664428
202 266 0.07438320
202 282 0.07686700
202 298 0.21893054
203 221 0.10143294
203 228 0.05764193
203 261 0.10132400
203 271 0.20552503
203 275 0.09029039
203 296 0.15429043
204 221 0.05954606
204 231 0.07443792
204 263 0.05296570
204 282 0.05512947
204 501 0.07041062
205 136 0.08003012
205 159 0.06466734
205 197 0.07893951
205 243 0.06525351
205 266 0.08944893
206 221 0.11059537
206 223 0.10482098
206 229 0.13530662
206 238 0.08139174
206 239 0.08226529
206 277 0.13155048
206 292 0.05683129
207 221 0.04535584
207 261 0.04495460
207 262 0.04412204
207 266 0.04455924
207 284 0.05445949
208 145 0.05968645
208 200 0.14952493
208 221 0.11851459
208 226 0.08652445
208 248 0.08635166
208 286 0.16902060
208 405 0.05183032
208 411 0.08357141
209 223 0.06218659
209 230 0.05754395
209 231 0.05647040
209 233 0.38208903
209 288 0.12009487
210 200 0.12960670
210 224 0.11754651
210 231 0.09938692
210 233 0.20151744
210 253 0.31953551
210 255 0.23736441
210 257 0.07303555
210 267 0.07117329
210 362 0.05486825
211 219 0.06439372
211 232 0.29457954
211 244 0.07227418
211 260 0.08284892
211 266 0.06774365
212 214 0.06718153
212 215 0.13289670
212 238 0.10809803
212 249 0.04930351
212 259 0.05339708
213 22 0.06178285
213 72 0.05980204
213 112 0.07400157
213 266 0.09134400
213 274 0.05399859
213 298 0.06343133
214 212 0.06718153
214 216 0.10050279
214 237 0.09241917
214 247 0.07247171
214 260 0.07740381
214 270 0.12978438
215 212 0.13289670
215 230 0.05430908
215 263 0.05523669
215 275 0.08948289
215 284 0.06415110
216 214 0.10050279
216 251 0.06025220
216 267 0.06337505
216 270 0.32600001
216 273 0.07543566
216 592 0.05048971
217 41 0.04984446
217 94 0.04806685
217 172 0.04599719
217 244 0.05119676
217 263 0.08551530
218 3 0.07647995
218 250 0.05692504
218 261 0.06599148
218 271 0.05690626
218 284 0.06412415
219 202 0.19296705
219 211 0.06439372
219 227 0.20513982
219 273 0.09271325
219 276 0.10789932
219 291 0.06958735
219 298 0.53390682
220 41 0.08434401
220 80 0.07678760
220 230 0.08296344
220 254 0.08157098
220 260 0.08711755
220 278 0.05882707
220 285 0.13797739
221 200 0.15438316
221 203 0.10143294
221 204 0.05954606
221 206 0.11059537
221 207 0.04535584
221 208 0.11851459
221 229 0.34342557
221 239 0.24863771
221 261 0.14335856
221 286 0.19283027
222 234 0.12057176
222 262 0.12460274
222 292 0.05402277
222 294 0.20684488
222 299 0.11804987
222 345 0.14020296
223 206 0.10482098
223 209 0.06218659
223 226 0.07424820
223 261 0.06234665
223 278 0.05506350
224 200 0.07865779
224 201 0.05455141
224 210 0.11754651
224 231 0.33238395
224 255 0.06788900
224 281 0.11120278
224 282 0.07949970
225 162 0.06801559
225 200 0.11092340
225 249 0.06507471
225 257 0.15350522
225 258 0.13697120
226 208 0.08652445
226 223 0.07424820
226 230 0.09607165
226 236 0.10378643
226 246 0.24413487
226 276 0.10916313
226 292 0.05812151
226 296 0.10729386
227 202 0.16834570
227 219 0.20513982
227 261 0.10512591
227 269 0.12251732
227 287 0.06924867
227 295 0.12275827
227 298 0.13258362
228 166 0.05727146
228 203 0.05764193
228 245 0.05809545
228 254 0.05982002
228 275 0.06638734
229 206 0.13530662
229 221 0.34342557
229 239 0.28156108
229 261 0.07011379
229 322 0.07963660
230 73 0.10793413
230 94 0.12494648
230 163 0.11815851
230 209 0.05754395
230 215 0.05430908
230 220 0.08296344
230 226 0.09607165
230 232 0.09410264
230 235 0.06152461
230 238 0.06220082
230 245 0.11365170
230 249 0.08348085
230 250 0.04898583
230 256 0.04769196
230 259 0.06599410
230 279 0.04936723
230 291 0.06638107
230 295 0.08762558
230 515 0.10480498
231 200 0.24075814
231 201 0.05207153
231 204 0.07443792
231 209 0.05647040
231 210 0.09938692
231 224 0.33238395
231 282 0.15778247
231 283 0.08001689
231 287 0.05396374
231 299 0.09347878
232 52 0.07760761
232 211 0.29457954
232 230 0.09410264
232 249 0.07018393
232 254 0.08445479
232 266 0.07743495
233 209 0.38208903
233 210 0.20151744
233 253 0.20673546
233 255 0.09371827
233 264 0.06433074
233 278 0.06332436
233 288 0.13064189
234 222 0.12057176
234 245 0.10063441
234 256 0.04894753
234 262 0.11175355
234 294 0.77961007
234 299 0.09221982
235 230 0.06152461
235 249 0.06183478
235 261 0.05015936
235 442 0.04939617
235 593 0.05118431
236 226 0.10378643
236 242 0.19735249
236 251 0.76932959
236 269 0.07374156
236 524 0.07336084
237 146 0.06842182
237 202 0.06664428
237 214 0.09241917
237 238 0.06697196
237 266 0.09395759
238 175 0.08454491
238 206 0.08139174
238 212 0.10809803
238 230 0.06220082
238 237 0.06697196
238 250 0.04993848
239 201 0.04027928
239 206 0.08226529
239 221 0.24863771
239 229 0.28156108
239 274 0.07495904
239 322 0.13834162
240 245 0.11155789
240 246 0.12933336
240 269 0.11144180
240 276 0.09417405
240 289 0.57598312
240 295 0.12142168
241 8 0.08851833
241 272 0.16931079
241 284 0.07765179
241 410 0.07967942
241 510 0.08634401
242 10 0.07139023
242 177 0.05828512
242 236 0.19735249
242 251 0.20478799
242 259 0.13878752
242 394 0.05821989
242 408 0.07054477
243 112 0.05356343
243 154 0.05994197
243 205 0.06525351
243 259 0.08032284
243 260 0.06662268
243 266 0.16648631
243 276 0.07140013
243 462 0.07049944
244 169 0.07538961
244 173 0.06449140
244 211 0.07227418
244 217 0.05119676
244 250 0.07082732
244 260 0.10376949
244 263 0.11413041
244 279 0.04691359
244 282 0.08559206
244 285 0.08435030
244 288 0.07669988
244 296 0.14933975
245 42 0.06813536
245 228 0.05809545
245 230 0.11365170
245 234 0.10063441
245 240 0.11155789
245 262 0.14154953
245 289 0.11231953
245 294 0.10946320
246 226 0.24413487
246 240 0.12933336
246 248 0.06412229
246 269 0.16904409
246 292 0.13360562
246 295 0.16818514
247 214 0.07247171
247 284 0.07252190
247 442 0.07140646
247 482 0.06503866
247 516 0.07192676
248 208 0.08635166
248 246 0.06412229
248 281 0.06463151
248 411 0.06455238
248 522 0.07111946
248 578 0.06004635
249 200 0.06833657
249 212 0.04930351
249 225 0.06507471
249 230 0.08348085
249 232 0.07018393
249 235 0.06183478
249 258 0.21226072
250 218 0.05692504
250 230 0.04898583
250 238 0.04993848
250 244 0.07082732
250 271 0.06252089
251 10 0.05973282
251 216 0.06025220
251 236 0.76932959
251 242 0.20478799
251 280 0.28646789
251 289 0.28905181
251 293 0.27881486
252 266 0.10217771
252 325 0.07737387
252 350 0.06621636
252 410 0.06694484
252 445 0.06924015
253 210 0.31953551
253 233 0.20673546
253 255 0.18249454
253 260 0.05539553
253 370 0.05351250
254 220 0.08157098
254 228 0.05982002
254 232 0.08445479
254 266 0.08941596
254 275 0.07275543
254 284 0.10842227
254 478 0.04531805
255 210 0.23736441
255 224 0.06788900
255 233 0.09371827
255 253 0.18249454
255 267 0.18504398
256 230 0.04769196
256 234 0.04894753
256 261 0.05204687
256 294 0.05754302
256 432 0.04707275
257 210 0.07303555
257 225 0.15350522
257 267 0.06099482
257 362 0.08160049
257 543 0.06812768
258 173 0.04915020
258 200 0.12656400
258 225 0.13697120
258 249 0.21226072
258 352 0.05333691
259 212 0.05339708
259 230 0.06599410
259 242 0.13878752
259 243 0.08032284
259 266 0.08169703
259 295 0.07644104
260 211 0.08284892
260 214 0.07740381
260 220 0.08711755
260 243 0.06662268
260 244 0.10376949
260 253 0.05539553
260 266 0.11742239
260 282 0.09020763
261 198 0.06253660
261 203 0.10132400
261 207 0.04495460
261 218 0.06599148
261 221 0.14335856
261 223 0.06234665
261 227 0.10512591
261 229 0.07011379
261 235 0.05015936
261 256 0.05204687
261 263 0.11870003
261 299 0.08357943
261 549 0.03861862
262 207 0.04412204
262 222 0.12460274
262 234 0.11175355
262 245 0.14154953
262 294 0.12309499
262 299 0.08189167
263 198 0.05648725
263 204 0.05296570
263 215 0.05523669
263 217 0.08551530
263 244 0.11413041
263 261 0.11870003
263 264 0.07868265
263 266 0.09191493
263 268 0.05345823
263 274 0.04934694
263 284 0.11730876
264 148 0.05690235
264 198 0.03983255
264 233 0.06433074
264 263 0.07868265
264 271 0.05950460
264 584 0.05739413
265 147 0.05543004
265 277 0.05241015
265 279 0.05207629
265 325 0.05444359
265 495 0.05247838
266 202 0.07438320
266 205 0.08944893
266 207 0.04455924
266 211 0.06774365
266 213 0.09134400
266 232 0.07743495
266 237 0.09395759
266 243 0.16648631
266 252 0.10217771
266 254 0.08941596
266 259 0.08169703
266 260 0.11742239
266 263 0.09191493
266 271 0.10349032
266 276 0.09827670
267 31 0.11634031
267 117 0.05985250
267 210 0.07117329
267 216 0.06337505
267 255 0.18504398
267 257 0.06099482
267 270 0.07465349
267 273 0.09074559
268 124 0.06684931
268 263 0.05345823
268 280 0.04757511
268 296 0.05450952
268 558 0.05260909
269 175 0.07517716
269 227 0.12251732
269 236 0.07374156
269 240 0.11144180
269 246 0.16904409
269 281 0.13929969
269 290 0.13134157
269 295 0.16686060
270 214 0.12978438
270 216 0.32600001
270 267 0.07465349
270 273 0.08625550
270 277 0.14657221
270 283 0.26433219
270 556 0.04020430
271 203 0.20552503
271 218 0.05690626
271 250 0.06252089
271 264 0.05950460
271 266 0.10349032
271 275 0.10168003
271 296 0.09436763
271 368 0.07574338
272 241 0.16931079
272 367 0.05109649
272 368 0.04342100
272 499 0.07316104
272 594 0.04866113
273 53 0.06958245
273 216 0.07543566
273 219 0.09271325
273 267 0.09074559
273 270 0.08625550
273 293 0.06361387
273 298 0.11942536
273 454 0.06972182
274 213 0.05399859
274 239 0.07495904
274 263 0.04934694
274 281 0.05353397
274 342 0.05077340
275 148 0.07445987
275 203 0.09029039
275 215 0.08948289
275 228 0.06638734
275 254 0.07275543
275 271 0.10168003
275 276 0.09812546
275 284 0.09105456
275 569 0.06096775
276 219 0.10789932
276 226 0.10916313
276 240 0.09417405
276 243 0.07140013
276 266 0.09827670
276 275 0.09812546
277 206 0.13155048
277 265 0.05241015
277 270 0.14657221
277 282 0.09656947
277 283 0.28141367
277 299 0.09666280
278 84 0.07264137
278 220 0.05882707
278 223 0.05506350
278 233 0.06332436
278 285 0.06938425
278 584 0.06073968
279 147 0.06709552
279 230 0.04936723
279 244 0.04691359
279 265 0.05207629
279 525 0.04140916
280 251 0.28646789
280 268 0.04757511
280 289 0.40866622
280 293 0.38783544
280 296 0.05119878
281 145 0.04988762
281 175 0.10285917
281 224 0.11120278
281 248 0.06463151
281 269 0.13929969
281 274 0.05353397
281 290 0.26961107
281 411 0.07187727
281 520 0.05876988
281 578 0.10698809
282 202 0.07686700
282 204 0.05512947
282 224 0.07949970
282 231 0.15778247
282 244 0.08559206
282 260 0.09020763
282 277 0.09656947
282 283 0.08989493
282 291 0.07203222
282 299 0.10700019
283 231 0.08001689
283 270 0.26433219
283 277 0.28141367
283 282 0.08989493
283 299 0.11806784
284 207 0.05445949
284 215 0.06415110
284 218 0.06412415
284 241 0.07765179
284 247 0.07252190
284 254 0.10842227
284 263 0.11730876
284 275 0.09105456
284 369 0.15234142
284 593 0.08564595
285 110 0.07176947
285 194 0.05218254
285 220 0.13797739
285 244 0.08435030
285 278 0.06938425
285 288 0.05902101
285 290 0.06528777
286 151 0.07154951
286 200 0.16557199
286 208 0.16902060
286 221 0.19283027
286 315 0.08211509
287 185 0.07125732
287 227 0.06924867
287 231 0.05396374
287 395 0.05845303
287 428 0.05805504
288 209 0.12009487
288 233 0.13064189
288 244 0.07669988
288 285 0.05902101
288 295 0.06257691
289 240 0.57598312
289 245 0.11231953
289 251 0.28905181
289 280 0.40866622
289 293 0.39635443
290 175 0.06243193
290 269 0.13134157
290 281 0.26961107
290 285 0.06528777
290 410 0.07141891
290 543 0.05678993
291 219 0.06958735
291 230 0.06638107
291 282 0.07203222
291 342 0.05919412
291 410 0.06476289
292 206 0.05683129
292 222 0.05402277
292 226 0.05812151
292 246 0.13360562
292 386 0.05622333
293 251 0.27881486
293 273 0.06361387
293 280 0.38783544
293 289 0.39635443
293 454 0.06095767
294 222 0.20684488
294 234 0.77961007
294 245 0.10946320
294 256 0.05754302
294 262 0.12309499
294 299 0.13782662
295 42 0.06580130
295 117 0.06083555
295 227 0.12275827
295 230 0.08762558
295 240 0.12142168
295 246 0.16818514
295 259 0.07644104
295 269 0.16686060
295 288 0.06257691
296 203 0.15429043
296 226 0.10729386
296 244 0.14933975
296 268 0.05450952
296 271 0.09436763
296 280 0.05119878
296 584 0.10132054
297 148 0.06552368
297 366 0.06197776
297 380 0.06816935
297 384 0.06917413
297 598 0.05933167
298 136 0.05269130
298 202 0.21893054
298 213 0.06343133
298 219 0.53390682
298 227 0.13258362
298 273 0.11942536
298 526 0.09953366
299 125 0.07371202
299 222 0.11804987
299 231 0.09347878
299 234 0.09221982
299 261 0.08357943
299 262 0.08189167
299 277 0.09666280
299 282 0.10700019
299 283 0.11806784
299 294 0.13782662
300 301 0.06626300
300 307 0.09446521
300 321 0.10967000
300 336 0.16505176
300 341 0.15555376
301 300 0.06626300
301 303 0.18465278
301 308 0.13696789
301 309 0.17850602
301 341 0.33347968
301 351 0.14381670
301 352 0.14600633
301 370 0.11812859
301 379 0.06995309
301 389 0.10226988
301 399 0.09112413
302 311 0.43472221
302 316 0.10524688
302 347 0.07369038
302 370 0.05946215
302 372 0.12393559
303 301 0.18465278
303 309 0.29803914
303 318 0.12819181
303 339 0.08892660
303 341 0.22394870
303 351 0.13450663
303 352 0.18977355
303 365 0.10191489
303 383 0.19097411
304 314 0.06870390
304 324 0.08055764
304 339 0.08666913
304 374 0.06937746
304 376 0.06800309
304 392 0.07753045
305 334 0.06714680
305 339 0.05771807
305 347 0.07418652
305 393 0.07188999
305 395 0.07710264
306 148 0.07622474
306 337 0.10059980
306 355 0.53636746
306 363 0.07581635
306 366 0.15857783
306 368 0.08112940
306 380 0.12104894
306 387 0.08507661
306 390 0.74266962
306 393 0.09701959
306 432 0.07823426
307 300 0.09446521
307 308 0.10766819
307 325 0.08776019
307 327 0.11559513
307 338 0.09799042
307 341 0.15423683
307 342 0.13400017
307 343 0.13539361
307 349 0.10353939
307 353 0.09875839
307 359 0.13363703
307 381 0.13140338
307 385 0.23382653
307 395 0.14022672
307 397 0.12449864
308 301 0.13696789
308 307 0.10766819
308 309 0.09259512
308 320 0.17196700
308 351 0.14707084
308 388 0.07237194
308 399 0.08865637
309 301 0.17850602
309 303 0.29803914
309 308 0.09259512
309 341 0.24433023
309 352 0.30510670
309 383 0.51700246
310 148 0.07301903
310 337 0.10153705
310 373 0.07819848
310 384 0.07553910
310 396 0.28553745
311 302 0.43472221
311 335 0.15585822
311 347 0.18534716
311 372 0.13262348
311 392 0.09333999
311 488 0.05234342
312 351 0.07341286
312 365 0.07098427
312 370 0.09427490
312 375 0.07082698
312 381 0.07378812
313 335 0.14122473
313 340 0.09880015
313 354 0.11431929
313 356 0.14334269
313 380 0.10947752
313 396 0.09701029
314 85 0.09596802
314 304 0.06870390
314 318 0.09040081
314 333 0.08865252
314 392 0.34916971
314 441 0.09211829
315 286 0.08211509
315 332 0.05457290
315 343 0.14185565
315 348 0.06452516
315 350 0.08433836
315 367 0.16191148
315 373 0.09988189
315 377 0.23395776
316 5 0.04822035
316 302 0.10524688
316 324 0.08104241
316 325 0.10981454
316 333 0.16630028
316 364 0.09106351
317 103 0.04802201
317 337 0.09954859
317 341 0.10876360
317 359 0.15336517
317 364 0.10598131
317 374 0.17222648
317 395 0.11077432
318 303 0.12819181
318 314 0.09040081
318 341 0.15473742
318 343 0.15052499
318 361 0.17983528
318 395 0.57850122
319 340 0.11148445
319 343 0.11523290
319 370 0.13567167
319 373 0.14993980
319 379 0.09302043
319 389 0.09802641
319 392 0.09305975
319 398 0.08649990
320 308 0.17196700
320 324 0.06569323
320 329 0.08500965
320 356 0.06886918
320 361 0.05984916
321 300 0.10967000
321 329 0.09484458
321 336 0.15816997
321 341 0.12740777
321 349 0.13138847
321 359 0.11491562
321 374 0.11788905
321 379 0.07427269
322 229 0.07963660
322 239 0.13834162
322 335 0.12399357
322 340 0.21359415
322 342 0.13923059
322 356 0.11861371
322 358 0.09532253
322 386 0.11755620
323 92 0.04101297
323 326 0.09337125
323 346 0.11239144
323 350 0.08820390
323 374 0.11084266
323 387 0.07586409
324 174 0.07239666
324 304 0.08055764
324 316 0.08104241
324 320 0.06569323
324 342 0.11224312
324 353 0.14683958
324 359 0.09892001
324 365 0.10692531
324 374 0.16566031
325 252 0.07737387
325 265 0.05444359
325 307 0.08776019
325 316 0.10981454
325 333 0.10369136
325 339 0.08400754
325 346 0.08671087
325 385 0.08681379
326 68 0.14151116
326 323 0.09337125
326 330 0.15008149
326 350 0.10899365
326 378 0.10503104
327 307 0.11559513
327 336 0.13038267
327 342 0.13578907
327 358 0.09002371
327 381 0.24775823
327 397 0.18408723
328 336 0.15951481
328 344 0.20537358
328 375 0.17472104
328 381 0.09561451
328 391 0.43920397
329 320 0.08500965
329 321 0.09484458
329 349 0.07770880
329 352 0.06913495
329 382 0.04328231
329 391 0.05976012
330 326 0.15008149
330 350 0.13238218
330 353 0.08022515
330 360 0.08784053
330 378 0.10183236
331 333 0.06058357
331 341 0.04450717
331 342 0.05872074
331 372 0.04114412
331 383 0.04549455
332 315 0.05457290
332 363 0.51548276
332 379 0.06110805
332 449 0.06046369
332 465 0.05025383
333 137 0.04863317
333 314 0.08865252
333 316 0.16630028
333 325 0.10369136
333 331 0.06058357
333 350 0.09419615
333 356 0.09177400
333 365 0.09267210
334 305 0.06714680
334 352 0.06188951
334 376 0.18693991
334 386 0.11144936
334 395 0.05990919
335 311 0.15585822
335 313 0.14122473
335 322 0.12399357
335 340 0.13090182
335 343 0.16444037
335 354 0.15432195
335 356 0.20256992
335 371 0.17568128
335 373 0.16790036
335 396 0.11995124
336 92 0.13343084
336 300 0.16505176
336 321 0.15816997
336 327 0.13038267
336 328 0.15951481
336 337 0.10285368
336 344 0.17189736
336 349 0.09635552
336 358 0.08225804
336 375 0.06064775
336 391 0.12019845
337 148 0.08274975
337 306 0.10059980
337 310 0.10153705
337 317 0.09954859
337 336 0.10285368
337 374 0.09926934
338 307 0.09799042
338 340 0.09368219
338 351 0.17971352
338 360 0.10918548
338 374 0.10244609
338 376 0.07512029
339 303 0.08892660
339 304 0.08666913
339 305 0.05771807
339 325 0.08400754
339 357 0.05198125
339 376 0.14800208
339 385 0.11202002
339 403 0.06866910
340 313 0.09880015
340 319 0.11148445
340 322 0.21359415
340 335 0.13090182
340 338 0.09368219
340 343 0.15668382
340 356 0.13859893
340 373 0.17767765
340 375 0.07341852
340 396 0.09164356
341 300 0.15555376
341 301 0.33347968
341 303 0.22394870
341 307 0.15423683
341 309 0.24433023
341 317 0.10876360
341 318 0.15473742
341 321 0.12740777
341 331 0.04450717
341 349 0.08099445
341 352 0.21251499
341 357 0.07264527
341 359 0.14209568
341 368 0.08324613
341 374 0.12966844
341 379 0.07667198
341 383 0.26235293
341 385 0.15471820
341 397 0.11080576
342 274 0.05077340
342 291 0.05919412
342 307 0.13400017
342 322 0.13923059
342 324 0.11224312
342 327 0.13578907
342 331 0.05872074
342 359 0.13348899
342 361 0.11086303
342 372 0.08773587
342 383 0.17925476
342 392 0.08993373
343 307 0.13539361
343 315 0.14185565
343 318 0.15052499
343 319 0.11523290
343 335 0.16444037
343 340 0.15668382
343 367 0.19432260
343 373 0.36722674
343 377 0.25118845
343 385 0.20137530
343 395 0.16123735
344 328 0.20537358
344 336 0.17189736
344 352 0.15254237
344 374 0.12390192
344 391 0.18010932
345 130 0.05195397
345 167 0.09531893
345 222 0.14020296
345 414 0.07067786
345 519 0.08973146
345 564 0.07005996
345 584 0.08583624
346 69 0.10140084
346 323 0.11239144
346 325 0.08671087
346 368 0.12022920
346 387 0.11785333
346 397 0.09287812
347 302 0.07369038
347 305 0.07418652
347 311 0.18534716
347 366 0.07934138
347 372 0.11879595
347 385 0.07439891
347 392 0.09995315
348 315 0.06452516
348 350 0.09529461
348 368 0.07189128
348 369 0.10443520
348 377 0.08790846
349 307 0.10353939
349 321 0.13138847
349 329 0.07770880
349 336 0.09635552
349 341 0.08099445
349 361 0.10511272
350 252 0.06621636
350 315 0.08433836
350 323 0.08820390
350 326 0.10899365
350 330 0.13238218
350 333 0.09419615
350 348 0.09529461
350 351 0.11804813
350 360 0.09671987
350 366 0.20611894
350 369 0.08843387
350 374 0.10615461
350 378 0.10255412
350 399 0.09133489
351 301 0.14381670
351 303 0.13450663
351 308 0.14707084
351 312 0.07341286
351 338 0.17971352
351 350 0.11804813
351 353 0.12653563
351 367 0.09003636
351 384 0.11830955
351 389 0.09898778
352 258 0.05333691
352 301 0.14600633
352 303 0.18977355
352 309 0.30510670
352 329 0.06913495
352 334 0.06188951
352 341 0.21251499
352 344 0.15254237
352 370 0.14372599
352 383 0.13852005
352 386 0.10671582
352 389 0.15179930
353 307 0.09875839
353 324 0.14683958
353 330 0.08022515
353 351 0.12653563
353 374 0.14859809
353 387 0.09421809
354 313 0.11431929
354 335 0.15432195
354 356 0.63608598
354 362 0.24793639
354 364 0.12303916
354 371 0.19250555
355 137 0.05197594
355 149 0.06052959
355 157 0.07267346
355 182 0.06599103
355 306 0.53636746
355 366 0.11941069
355 380 0.08881291
355 390 0.51542841
355 393 0.10183058
355 413 0.05537778
356 313 0.14334269
356 320 0.06886918
356 322 0.11861371
356 333 0.09177400
356 335 0.20256992
356 340 0.13859893
356 354 0.63608598
356 361 0.09294364
356 371 0.24087039
356 373 0.14039576
356 396 0.12491048
357 339 0.05198125
357 341 0.07264527
357 378 0.06194504
357 388 0.10524437
357 391 0.05061507
358 322 0.09532253
358 327 0.09002371
358 336 0.08225804
358 365 0.26367821
358 386 0.07586264
359 307 0.13363703
359 317 0.15336517
359 321 0.11491562
359 324 0.09892001
359 341 0.14209568
359 342 0.13348899
359 360 0.11821999
359 374 0.18679865
359 395 0.12357609
359 399 0.10047438
360 330 0.08784053
360 338 0.10918548
360 350 0.09671987
360 359 0.11821999
360 374 0.12321604
360 378 0.09674415
361 318 0.17983528
361 320 0.05984916
361 342 0.11086303
361 349 0.10511272
361 356 0.09294364
361 395 0.09982701
362 120 0.06226888
362 210 0.05486825
362 257 0.08160049
362 354 0.24793639
362 364 0.15589440
363 20 0.06724581
363 30 0.06187650
363 49 0.07127605
363 306 0.07581635
363 332 0.51548276
364 316 0.09106351
364 317 0.10598131
364 354 0.12303916
364 362 0.15589440
364 365 0.18585229
364 374 0.11835347
365 303 0.10191489
365 312 0.07098427
365 324 0.10692531
365 333 0.09267210
365 358 0.26367821
365 364 0.18585229
365 374 0.12340543
365 384 0.09361964
366 107 0.04782500
366 297 0.06197776
366 306 0.15857783
366 347 0.07934138
366 350 0.20611894
366 355 0.11941069
366 380 0.67586239
366 384 0.09341650
366 385 0.19804464
367 272 0.05109649
367 315 0.16191148
367 343 0.19432260
367 351 0.09003636
367 373 0.14278596
367 377 0.27315075
368 271 0.07574338
368 272 0.04342100
368 306 0.08112940
368 341 0.08324613
368 346 0.12022920
368 348 0.07189128
368 382 0.05319153
368 387 0.76266233
368 389 0.08622569
368 592 0.04286688
369 284 0.15234142
369 348 0.10443520
369 350 0.08843387
369 377 0.10233199
369 387 0.14254535
370 107 0.03946744
370 195 0.07415644
370 253 0.05351250
370 301 0.11812859
370 302 0.05946215
370 312 0.09427490
370 319 0.13567167
370 352 0.14372599
370 373 0.11486293
370 389 0.26025655
371 335 0.17568128
371 354 0.19250555
371 356 0.24087039
371 373 0.23748343
371 386 0.11151388
372 302 0.12393559
372 311 0.13262348
372 331 0.04114412
372 342 0.08773587
372 347 0.11879595
372 384 0.12071219
373 137 0.05025072
373 310 0.07819848
373 315 0.09988189
373 319 0.14993980
373 335 0.16790036
373 340 0.17767765
373 343 0.36722674
373 356 0.14039576
373 367 0.14278596
373 370 0.11486293
373 371 0.23748343
373 377 0.21239344
374 304 0.06937746
374 317 0.17222648
374 321 0.11788905
374 323 0.11084266
374 324 0.16566031
374 337 0.09926934
374 338 0.10244609
374 341 0.12966844
374 344 0.12390192
374 350 0.10615461
374 353 0.14859809
374 359 0.18679865
374 360 0.12321604
374 364 0.11835347
374 365 0.12340543
374 376 0.06545157
374 379 0.07065547
375 312 0.07082698
375 328 0.17472104
375 336 0.06064775
375 340 0.07341852
375 391 0.25989968
376 304 0.06800309
376 334 0.18693991
376 338 0.07512029
376 339 0.14800208
376 374 0.06545157
377 315 0.23395776
377 343 0.25118845
377 348 0.08790846
377 367 0.27315075
377 369 0.10233199
377 373 0.21239344
378 326 0.10503104
378 330 0.10183236
378 350 0.10255412
378 357 0.06194504
378 360 0.09674415
378 388 0.19475078
379 301 0.06995309
379 319 0.09302043
379 321 0.07427269
379 332 0.06110805
379 341 0.07667198
379 374 0.07065547
380 148 0.07348425
380 297 0.06816935
380 306 0.12104894
380 313 0.10947752
380 355 0.08881291
380 366 0.67586239
380 381 0.20197472
380 385 0.13479053
381 307 0.13140338
381 312 0.07378812
381 327 0.24775823
381 328 0.09561451
381 380 0.20197472
381 386 0.12691490
381 397 0.15974210
382 329 0.04328231
382 368 0.05319153
382 384 0.06068363
382 387 0.05152958
382 395 0.03856847
383 112 0.05251278
383 303 0.19097411
383 309 0.51700246
383 331 0.04549455
383 341 0.26235293
383 342 0.17925476
383 352 0.13852005
384 148 0.09861846
384 297 0.06917413
384 310 0.07553910
384 351 0.11830955
384 365 0.09361964
384 366 0.09341650
384 372 0.12071219
384 382 0.06068363
384 464 0.08084994
385 118 0.07468186
385 307 0.23382653
385 325 0.08681379
385 339 0.11202002
385 341 0.15471820
385 343 0.20137530
385 347 0.07439891
385 366 0.19804464
385 380 0.13479053
385 397 0.14507874
385 399 0.10217410
386 292 0.05622333
386 322 0.11755620
386 334 0.11144936
386 352 0.10671582
386 358 0.07586264
386 371 0.11151388
386 381 0.12691490
387 306 0.08507661
387 323 0.07586409
387 346 0.11785333
387 353 0.09421809
387 368 0.76266233
387 369 0.14254535
387 382 0.05152958
387 592 0.04410896
388 198 0.04160855
388 308 0.07237194
388 357 0.10524437
388 378 0.19475078
388 391 0.08628166
388 444 0.07030383
389 301 0.10226988
389 319 0.09802641
389 351 0.09898778
389 352 0.15179930
389 368 0.08622569
389 370 0.26025655
389 398 0.07589514
390 81 0.09163450
390 149 0.05081247
390 182 0.06144507
390 199 0.07388926
390 306 0.74266962
390 355 0.51542841
390 393 0.08500179
390 432 0.10395576
390 448 0.09017274
390 536 0.06615003
391 92 0.05673073
391 328 0.43920397
391 329 0.05976012
391 336 0.12019845
391 344 0.18010932
391 357 0.05061507
391 375 0.25989968
391 388 0.08628166
392 304 0.07753045
392 311 0.09333999
392 314 0.34916971
392 319 0.09305975
392 342 0.08993373
392 347 0.09995315
393 123 0.07377266
393 305 0.07188999
393 306 0.09701959
393 355 0.10183058
393 390 0.08500179
393 398 0.06866890
394 3 0.06948789
394 73 0.05927473
394 80 0.06921749
394 242 0.05821989
394 560 0.04863154
395 287 0.05845303
395 305 0.07710264
395 307 0.14022672
395 317 0.11077432
395 318 0.57850122
395 334 0.05990919
395 343 0.16123735
395 359 0.12357609
395 361 0.09982701
395 382 0.03856847
396 310 0.28553745
396 313 0.09701029
396 335 0.11995124
396 340 0.09164356
396 356 0.12491048
397 307 0.12449864
397 327 0.18408723
397 341 0.11080576
397 346 0.09287812
397 381 0.15974210
397 385 0.14507874
398 123 0.07477477
398 319 0.08649990
398 389 0.07589514
398 393 0.06866890
398 580 0.06938276
399 48 0.04381460
399 301 0.09112413
399 308 0.08865637
399 350 0.09133489
399 359 0.10047438
399 385 0.10217410
400 88 0.12459423
400 94 0.12757119
400 404 0.21443029
400 407 0.13642392
400 422 0.12569891
400 435 0.10379281
400 476 0.07729282
400 500 0.10191481
400 528 0.08885906
401 94 0.07599658
401 459 0.07567407
401 463 0.09740811
401 491 0.07586007
401 498 0.07810853
402 406 0.09954737
402 410 0.10921369
402 413 0.05569215
402 424 0.12433847
402 491 0.10453812
402 494 0.07255818
402 542 0.12481580
403 94 0.05624180
403 189 0.05303330
403 197 0.06411421
403 339 0.06866910
403 462 0.05322457
404 400 0.21443029
404 407 0.28445196
404 410 0.09939785
404 414 0.12664021
404 422 0.14404546
405 17 0.05980169
405 94 0.05431736
405 208 0.05183032
405 465 0.42162200
405 482 0.09434331
406 402 0.09954737
406 410 0.11228701
406 415 0.10077611
406 440 0.13378365
406 523 0.09940748
407 57 0.12203477
407 400 0.13642392
407 404 0.28445196
407 410 0.08595322
407 427 0.07828413
407 430 0.08057502
408 52 0.12272172
408 242 0.07054477
408 423 0.08818161
408 456 0.17132375
408 464 0.18467560
408 475 0.14094376
408 548 0.11648200
409 47 0.11970480
409 86 0.15515379
409 94 0.15021137
409 430 0.11408954
409 434 0.05708889
409 448 0.15663658
409 449 0.14882701
409 477 0.16505499
409 483 0.12992079
409 524 0.07776627
409 549 0.04769460
410 31 0.13328821
410 145 0.04933410
410 241 0.07967942
410 252 0.06694484
410 290 0.07141891
410 291 0.06476289
410 402 0.10921369
410 404 0.09939785
410 406 0.11228701
410 407 0.08595322
410 422 0.17205072
410 427 0.09214768
410 437 0.13146417
410 440 0.08906861
410 445 0.07938914
410 447 0.13500510
410 452 0.09657678
410 467 0.06015054
410 476 0.10463742
410 482 0.09603234
410 483 0.13418407
410 484 0.09207110
410 486 0.11997213
410 489 0.07385270
410 491 0.26083887
410 495 0.08589650
410 518 0.06287658
410 522 0.18482658
410 542 0.19788946
410 555 0.11356310
410 557 0.15886646
410 585 0.07986825
410 590 0.17668930
410 595 0.04180951
410 598 0.10096300
411 86 0.13275513
411 108 0.05603602
411 145 0.04956774
411 208 0.08357141
411 248 0.06455238
411 281 0.07187727
411 439 0.07332987
411 442 0.07245708
412 93 0.08388032
412 424 0.10205622
412 453 0.06763314
412 457 0.11460810
412 470 0.12011061
412 475 0.09863562
413 6 0.07398870
413 355 0.05537778
413 402 0.05569215
413 442 0.05493168
413 468 0.08384595
414 88 0.13839061
414 94 0.15278136
414 345 0.07067786
414 404 0.12664021
414 442 0.14347624
414 477 0.08487256
414 486 0.09114179
414 518 0.06512286
414 557 0.11351574
415 406 0.10077611
415 423 0.10611266
415 428 0.10522149
415 466 0.10820045
415 485 0.11776454
415 542 0.13431802
415 557 0.13333019
415 565 0.04468720
416 91 0.08409477
416 94 0.07287860
416 425 0.17106344
416 442 0.08140588
416 451 0.13430953
417 2 0.13036970
417 94 0.19168877
417 96 0.11709863
417 127 0.08717548
417 442 0.14370597
417 447 0.12524489
417 448 0.14035650
418 2 0.09275241
418 41 0.09369579
418 94 0.10479624
418 433 0.09235669
418 462 0.10533846
418 498 0.21965848
419 44 0.12713680
419 54 0.11165788
419 517 0.07994736
419 547 0.09069780
419 564 0.08659063
419 565 0.05068972
419 591 0.11987388
419 592 0.04032696
420 430 0.19413191
420 442 0.11009239
420 491 0.12531876
420 495 0.10679187
420 499 0.10781439
421 50 0.06678628
421 460 0.06771521
421 462 0.05551498
421 466 0.05740778
421 502 0.05795701
422 56 0.09919868
422 93 0.12338350
422 94 0.14039135
422 400 0.12569891
422 404 0.14404546
422 410 0.17205072
422 423 0.10004225
422 429 0.07118527
422 435 0.09587938
422 440 0.10068077
422 446 0.13866963
422 450 0.12799357
422 461 0.10098802
422 481 0.11106614
422 484 0.10317484
422 489 0.07744173
422 515 0.13174321
422 516 0.11900091
422 523 0.14298312
422 532 0.10312078
422 538 0.09401517
422 542 0.15720602
422 554 0.05171722
422 561 0.07718909
422 599 0.04139307
423 408 0.08818161
423 415 0.10611266
423 422 0.10004225
423 452 0.09513480
423 557 0.09272844
424 3 0.07766001
424 34 0.10428301
424 94 0.12287556
424 402 0.12433847
424 412 0.10205622
424 450 0.11892616
424 467 0.05878536
424 487 0.08519034
424 494 0.59175517
424 507 0.14932437
424 523 0.12367934
425 94 0.08164233
425 416 0.17106344
425 442 0.09333916
425 451 0.12829377
425 542 0.08588990
426 442 0.08266360
426 448 0.25428699
426 471 0.12026410
426 492 0.08377438
426 587 0.07943570
427 407 0.07828413
427 410 0.09214768
427 441 0.08171805
427 451 0.09312579
427 483 0.07920222
428 39 0.12367869
428 287 0.05805504
428 415 0.10522149
428 440 0.13399323
428 441 0.08212629
428 472 0.14430947
428 497 0.07683059
428 506 0.10666371
429 422 0.07118527
429 446 0.07211697
429 523 0.05430604
429 542 0.08575636
429 590 0.05031925
430 407 0.08057502
430 409 0.11408954
430 420 0.19413191
430 451 0.20368765
430 473 0.16606899
430 475 0.10488458
430 491 0.19009186
431 94 0.15562368
431 448 0.10815017
431 457 0.12163023
431 470 0.12593202
431 481 0.09809427
431 504 0.09784443
431 542 0.11232980
431 544 0.06954355
432 38 0.07905644
432 182 0.05607431
432 256 0.04707275
432 306 0.07823426
432 390 0.10395576
432 444 0.07640448
432 522 0.10300896
432 596 0.08505256
433 7 0.07364094
433 24 0.06581510
433 40 0.07376374
433 43 0.07601794
433 418 0.09235669
433 498 0.09507682
433 538 0.07900570
434 7 0.05356048
434 127 0.06404386
434 166 0.07061159
434 409 0.05708889
434 595 0.05252747
435 57 0.05761490
435 94 0.10257948
435 400 0.10379281
435 422 0.09587938
435 439 0.11604752
435 470 0.10160627
435 476 0.08313787
436 158 0.04255064
436 442 0.09195485
436 465 0.09116177
436 467 0.08899824
436 471 0.11965551
436 499 0.14955191
436 523 0.09644997
436 542 0.10918609
437 410 0.13146417
437 450 0.12785993
437 460 0.17580908
437 468 0.05178076
437 491 0.18116830
437 492 0.31086248
438 77 0.10882389
438 88 0.12414217
438 94 0.11745545
438 455 0.49695294
438 485 0.17124801
438 504 0.09607482
438 544 0.06682479
439 94 0.11442049
439 411 0.07332987
439 435 0.11604752
439 442 0.11570889
439 447 0.11531993
439 474 0.08266283
439 482 0.09842969
439 498 0.09688669
439 516 0.11523090
440 406 0.13378365
440 410 0.08906861
440 422 0.10068077
440 428 0.13399323
440 483 0.08827655
440 561 0.08564620
441 314 0.09211829
441 427 0.08171805
441 428 0.08212629
441 471 0.06768405
441 506 0.06353118
441 592 0.05560984
442 77 0.11078117
442 88 0.14904457
442 94 0.17219796
442 235 0.04939617
442 247 0.07140646
442 411 0.07245708
442 413 0.05493168
442 414 0.14347624
442 416 0.08140588
442 417 0.14370597
442 420 0.11009239
442 425 0.09333916
442 426 0.08266360
442 436 0.09195485
442 439 0.11570889
442 443 0.09276056
442 447 0.14000337
442 456 0.07456083
442 465 0.07086252
442 470 0.13751265
442 474 0.09451557
442 482 0.09907410
442 483 0.11066257
442 490 0.10914686
442 492 0.09467720
442 499 0.14141550
442 500 0.10724150
442 522 0.15254549
442 542 0.14896732
442 586 0.09278522
442 598 0.10686351
443 88 0.07604030
443 442 0.09276056
443 459 0.08989814
443 470 0.08317411
443 478 0.06521786
443 513 0.09589044
444 92 0.07405308
444 388 0.07030383
444 432 0.07640448
444 469 0.11769875
444 534 0.02806032
444 596 0.07113050
445 94 0.07755840
445 252 0.06924015
445 410 0.07938914
445 448 0.16158429
445 455 0.09368278
445 527 0.06443955
445 541 0.07740807
446 99 0.08034872
446 422 0.13866963
446 429 0.07211697
446 462 0.14060066
446 480 0.11923312
446 497 0.07527508
446 523 0.14959515
446 542 0.17715503
447 35 0.07120579
447 38 0.23573692
447 86 0.13373166
447 93 0.10233076
447 94 0.15034770
447 98 0.10054301
447 410 0.13500510
447 417 0.12524489
447 439 0.11531993
447 442 0.14000337
447 483 0.11445900
447 539 0.05092750
447 560 0.06538486
447 598 0.10333009
448 2 0.15014114
448 8 0.12171603
448 13 0.11121836
448 19 0.07920172
448 27 0.07109891
448 29 0.13623172
448 32 0.07722019
448 37 0.09252995
448 38 0.11894993
448 47 0.12030407
448 69 0.12324291
448 72 0.12054849
448 80 0.08732794
448 88 0.14035415
448 94 0.25588585
448 95 0.07352785
448 98 0.09705440
448 201 0.04024504
448 390 0.09017274
448 409 0.15663658
448 417 0.14035650
448 426 0.25428699
448 431 0.10815017
448 445 0.16158429
448 449 0.06742052
448 455 0.14290216
448 470 0.12877043
448 473 0.11156822
448 496 0.06287928
448 499 0.12293867
448 509 0.07741152
448 524 0.10730312
448 533 0.17701843
448 535 0.09153809
448 555 0.10564529
448 581 0.08193269
449 86 0.09741715
449 127 0.06463483
449 332 0.06046369
449 409 0.14882701
449 448 0.06742052
449 477 0.10676660
449 560 0.05753976
450 422 0.12799357
450 424 0.11892616
450 437 0.12785993
450 454 0.08031972
450 467 0.05913649
450 479 0.08644727
450 491 0.13751633
450 494 0.10005567
450 542 0.14809719
451 416 0.13430953
451 425 0.12829377
451 427 0.09312579
451 430 0.20368765
451 499 0.08720414
452 96 0.08694936
452 410 0.09657678
452 423 0.09513480
452 457 0.09321754
452 485 0.10436743
452 543 0.06384622
453 94 0.07039494
453 412 0.06763314
453 454 0.08528426
453 504 0.07094067
453 535 0.07911397
454 150 0.13063258
454 273 0.06972182
454 293 0.06095767
454 450 0.08031972
454 453 0.08528426
454 464 0.07091006
454 471 0.06922641
454 540 0.03195035
455 75 0.09976282
455 438 0.49695294
455 445 0.09368278
455 448 0.14290216
455 457 0.11013286
455 485 0.24262197
455 541 0.07489222
456 52 0.11034005
456 408 0.17132375
456 442 0.07456083
456 464 0.38244135
456 491 0.08927806
457 412 0.11460810
457 431 0.12163023
457 452 0.09321754
457 455 0.11013286
457 470 0.21646528
457 485 0.13449518
457 493 0.08280577
457 516 0.11390645
457 528 0.08984187
457 544 0.08931060
457 578 0.07377061
458 12 0.10785302
458 22 0.12242027
458 41 0.13317837
458 94 0.15874256
458 188 0.04869648
458 459 0.10383635
458 537 0.06792116
458 556 0.04320422
458 557 0.11830244
459 38 0.10323349
459 94 0.11462930
459 199 0.07465732
459 401 0.07567407
459 443 0.08989814
459 458 0.10383635
459 470 0.10221957
459 479 0.15747696
459 496 0.09109819
460 421 0.06771521
460 437 0.17580908
460 462 0.10294325
460 491 0.10170696
460 492 0.21540941
460 515 0.09550815
460 540 0.03449411
461 31 0.09498016
461 159 0.05679706
461 187 0.06661310
461 422 0.10098802
461 489 0.48300308
461 499 0.09854873
461 523 0.09208649
462 50 0.08612721
462 69 0.10644106
462 94 0.13634856
462 243 0.07049944
462 403 0.05322457
462 418 0.10533846
462 421 0.05551498
462 446 0.14060066
462 460 0.10294325
462 481 0.09909260
462 484 0.10275088
462 490 0.11903712
462 491 0.14796252
462 511 0.06906007
462 522 0.14276735
462 542 0.13480412
462 585 0.10324975
463 13 0.11598505
463 94 0.13166688
463 401 0.09740811
463 485 0.12875644
463 522 0.16608075
463 571 0.11798222
464 52 0.09065029
464 384 0.08084994
464 408 0.18467560
464 454 0.07091006
464 456 0.38244135
464 582 0.11279244
465 332 0.05025383
465 405 0.42162200
465 436 0.09116177
465 442 0.07086252
465 482 0.11036282
465 499 0.09529784
466 50 0.12246551
466 415 0.10820045
466 421 0.05740778
466 480 0.14637868
466 488 0.05729766
466 490 0.26763544
466 532 0.09952265
466 542 0.12306063
466 557 0.11822995
467 410 0.06015054
467 424 0.05878536
467 436 0.08899824
467 450 0.05913649
467 482 0.06619078
468 413 0.08384595
468 437 0.05178076
468 488 0.06118926
468 557 0.05880942
468 564 0.07022385
469 30 0.07821439
469 92 0.07295696
469 444 0.11769875
469 490 0.07562686
469 598 0.10188599
470 24 0.06483457
470 34 0.12846755
470 94 0.14644076
470 412 0.12011061
470 431 0.12593202
470 435 0.10160627
470 442 0.13751265
470 443 0.08317411
470 448 0.12877043
470 457 0.21646528
470 459 0.10221957
470 480 0.10520306
470 485 0.13996034
470 493 0.08589020
470 498 0.10352512
470 504 0.10031532
470 544 0.07660028
470 578 0.06228781
470 581 0.08862664
470 585 0.08065756
471 426 0.12026410
471 436 0.11965551
471 441 0.06768405
471 454 0.06922641
471 474 0.08385186
471 561 0.07336325
472 39 0.14357120
472 75 0.15309003
472 428 0.14430947
472 490 0.11233573
472 491 0.14676286
472 495 0.09175395
472 507 0.12811950
472 511 0.05336637
473 38 0.10992401
473 55 0.13034429
473 98 0.13329583
473 430 0.16606899
473 448 0.11156822
473 543 0.06399749
474 87 0.08102022
474 439 0.08266283
474 442 0.09451557
474 471 0.08385186
474 492 0.07665615
475 408 0.14094376
475 412 0.09863562
475 430 0.10488458
475 491 0.09535134
475 548 0.16969300
476 56 0.09282745
476 149 0.05004996
476 400 0.07729282
476 410 0.10463742
476 435 0.08313787
476 516 0.09742257
477 86 0.13264976
477 409 0.16505499
477 414 0.08487256
477 449 0.10676660
477 483 0.22976561
478 39 0.06070576
478 254 0.04531805
478 443 0.06521786
478 528 0.05436339
478 553 0.04579050
479 38 0.08366752
479 450 0.08644727
479 459 0.15747696
479 542 0.08782419
479 548 0.08784173
480 75 0.10533760
480 94 0.11111858
480 446 0.11923312
480 466 0.14637868
480 470 0.10520306
481 422 0.11106614
481 431 0.09809427
481 462 0.09909260
481 484 0.13579634
481 542 0.09761781
482 97 0.14164163
482 247 0.06503866
482 405 0.09434331
482 410 0.09603234
482 439 0.09842969
482 442 0.09907410
482 465 0.11036282
482 467 0.06619078
483 409 0.12992079
483 410 0.13418407
483 427 0.07920222
483 440 0.08827655
483 442 0.11066257
483 447 0.11445900
483 477 0.22976561
483 593 0.08061162
484 410 0.09207110
484 422 0.10317484
484 462 0.10275088
484 481 0.13579634
484 542 0.08539725
485 75 0.12477021
485 415 0.11776454
485 438 0.17124801
485 452 0.10436743
485 455 0.24262197
485 457 0.13449518
485 463 0.12875644
485 470 0.13996034
485 486 0.12072394
485 493 0.14518915
486 410 0.11997213
486 414 0.09114179
486 485 0.12072394
486 491 0.09584629
486 493 0.07317253
486 542 0.09381356
487 12 0.10040442
487 29 0.10113497
487 61 0.08063499
487 424 0.08519034
487 557 0.08985554
488 311 0.05234342
488 466 0.05729766
488 468 0.06118926
488 493 0.09159832
488 516 0.04245663
489 31 0.08969228
489 159 0.07117472
489 410 0.07385270
489 422 0.07744173
489 461 0.48300308
489 557 0.09282317
490 442 0.10914686
490 462 0.11903712
490 466 0.26763544
490 469 0.07562686
490 472 0.11233573
490 497 0.07705993
490 498 0.08591720
490 511 0.06373255
490 522 0.11118196
490 529 0.08619447
491 94 0.14908669
491 401 0.07586007
491 402 0.10453812
491 410 0.26083887
491 420 0.12531876
491 430 0.19009186
491 437 0.18116830
491 450 0.13751633
491 456 0.08927806
491 460 0.10170696
491 462 0.14796252
491 472 0.14676286
491 475 0.09535134
491 486 0.09584629
491 495 0.09832393
491 515 0.12875586
491 555 0.11094345
492 88 0.09406945
492 426 0.08377438
492 437 0.31086248
492 442 0.09467720
492 460 0.21540941
492 474 0.07665615
492 566 0.10732074
493 457 0.08280577
493 470 0.08589020
493 485 0.14518915
493 486 0.07317253
493 488 0.09159832
494 94 0.06924899
494 402 0.07255818
494 424 0.59175517
494 450 0.10005567
494 507 0.07039863
495 69 0.08470071
495 265 0.05247838
495 410 0.08589650
495 420 0.10679187
495 472 0.09175395
495 491 0.09832393
496 2 0.06514998
496 94 0.07662824
496 448 0.06287928
496 459 0.09109819
496 555 0.06457279
497 428 0.07683059
497 446 0.07527508
497 490 0.07705993
497 522 0.09774328
497 542 0.07702739
498 401 0.07810853
498 418 0.21965848
498 433 0.09507682
498 439 0.09688669
498 470 0.10352512
498 490 0.08591720
499 8 0.15265915
499 35 0.06316650
499 272 0.07316104
499 420 0.10781439
499 436 0.14955191
499 442 0.14141550
499 448 0.12293867
499 451 0.08720414
499 461 0.09854873
499 465 0.09529784
499 520 0.05348872
499 555 0.13853280
499 563 0.06838554
500 72 0.10373546
500 88 0.10289292
500 400 0.10191481
500 442 0.10724150
500 566 0.10705718
500 576 0.07572617
501 181 0.05856923
501 204 0.07041062
501 503 0.25190122
501 508 0.60787251
501 514 0.33180318
501 519 0.11959834
501 551 0.20696418
501 582 0.19965007
501 583 0.36051791
501 587 0.16295571
501 591 0.17789459
502 12 0.11045101
502 22 0.11077081
502 28 0.11714150
502 41 0.12832566
502 94 0.12881174
502 126 0.04869261
502 421 0.05795701
502 558 0.06614020
503 501 0.25190122
503 514 0.70254546
503 519 0.28308318
503 582 0.26025499
503 583 0.24755454
503 591 0.20032726
504 86 0.11139805
504 94 0.12149810
504 431 0.09784443
504 438 0.09607482
504 453 0.07094067
504 470 0.10031532
504 544 0.06661504
504 580 0.07039862
504 581 0.04589825
505 8 0.07861088
505 510 0.09784212
505 517 0.07301371
505 557 0.06906691
505 573 0.15360052
506 53 0.07140489
506 113 0.07055491
506 428 0.10666371
506 441 0.06353118
506 542 0.12852982
506 561 0.17624182
506 573 0.07715714
506 583 0.07651599
507 7 0.06042612
507 24 0.06096593
507 94 0.15766633
507 424 0.14932437
507 472 0.12811950
507 494 0.07039863
507 516 0.12591512
507 523 0.19734646
507 529 0.09099675
507 542 0.48901009
507 557 0.16334651
507 566 0.15086558
507 568 0.16686179
507 573 0.13131603
508 33 0.16910326
508 61 0.14700815
508 97 0.17759594
508 501 0.60787251
508 510 0.16013914
508 514 0.26853509
508 526 0.28312342
508 551 0.28756823
508 552 0.27211225
508 583 0.34104432
508 587 0.14983110
509 13 0.08939505
509 41 0.07127422
509 94 0.08805348
509 448 0.07741152
509 576 0.10989607
510 35 0.05906265
510 48 0.04337617
510 97 0.14842760
510 135 0.05363357
510 241 0.08634401
510 505 0.09784212
510 508 0.16013914
510 517 0.13653871
510 525 0.03784920
510 526 0.17009198
510 536 0.08487868
510 537 0.13175858
510 551 0.16368938
510 552 0.15176018
510 564 0.09886384
510 572 0.13081747
510 593 0.08717876
511 462 0.06906007
511 472 0.05336637
511 490 0.06373255
511 522 0.07426892
511 557 0.06644739
512 41 0.07044166
512 93 0.07246886
512 94 0.06159940
512 98 0.05724465
512 515 0.06469819
513 21 0.10477889
513 36 0.07835023
513 71 0.08106710
513 443 0.09589044
513 530 0.13142107
514 501 0.33180318
514 503 0.70254546
514 508 0.26853509
514 519 0.23190217
514 573 0.19974090
514 582 0.18233946
514 583 0.30228433
515 94 0.14334518
515 230 0.10480498
515 422 0.13174321
515 460 0.09550815
515 491 0.12875586
515 512 0.06469819
515 522 0.12646521
515 560 0.07506374
515 585 0.18724935
516 247 0.07192676
516 422 0.11900091
516 439 0.11523090
516 457 0.11390645
516 476 0.09742257
516 488 0.04245663
516 507 0.12591512
516 530 0.10931552
516 531 0.09413447
516 550 0.15323619
516 590 0.12784165
517 419 0.07994736
517 505 0.07301371
517 510 0.13653871
517 536 0.11185013
517 537 0.07574759
517 569 0.07668804
517 572 0.09605578
517 593 0.08768402
518 98 0.06249984
518 410 0.06287658
518 414 0.06512286
518 574 0.37221348
518 586 0.42744550
519 5 0.04343576
519 88 0.10104176
519 194 0.06964392
519 345 0.08973146
519 501 0.11959834
519 503 0.28308318
519 514 0.23190217
519 582 0.09604630
520 13 0.04551703
520 127 0.04775023
520 281 0.05876988
520 499 0.05348872
520 524 0.05399186
521 77 0.08563618
521 79 0.12908207
521 94 0.09096774
521 99 0.08428229
521 137 0.04978590
521 522 0.08164658
522 94 0.16118394
522 248 0.07111946
522 410 0.18482658
522 432 0.10300896
522 442 0.15254549
522 462 0.14276735
522 463 0.16608075
522 490 0.11118196
522 497 0.09774328
522 511 0.07426892
522 515 0.12646521
522 521 0.08164658
522 527 0.05995349
522 542 0.15109263
522 571 0.13010049
522 579 0.06912213
522 590 0.14716876
522 598 0.09529414
523 406 0.09940748
523 422 0.14298312
523 424 0.12367934
523 429 0.05430604
523 436 0.09644997
523 446 0.14959515
523 461 0.09208649
523 507 0.19734646
523 542 0.21859625
523 566 0.13296571
523 568 0.14604291
523 573 0.14689124
524 10 0.07751734
524 47 0.09494996
524 94 0.09662243
524 236 0.07336084
524 409 0.07776627
524 448 0.10730312
524 520 0.05399186
524 533 0.09159665
525 68 0.03991360
525 279 0.04140916
525 510 0.03784920
525 564 0.03722595
525 585 0.03890200
526 33 0.20721685
526 43 0.09635624
526 55 0.21857274
526 61 0.25572086
526 97 0.14270331
526 298 0.09953366
526 508 0.28312342
526 510 0.17009198
526 551 0.70949749
526 552 0.69805704
526 589 0.22428535
527 445 0.06443955
527 522 0.05995349
527 558 0.15317029
527 563 0.08211003
527 572 0.06029314
528 94 0.09873768
528 400 0.08885906
528 457 0.08984187
528 478 0.05436339
528 538 0.36003015
528 545 0.06213880
528 554 0.07187712
528 577 0.08416715
529 490 0.08619447
529 507 0.09099675
529 540 0.03516416
529 558 0.10240840
529 563 0.15434271
529 568 0.15271554
530 513 0.13142107
530 516 0.10931552
530 550 0.14857157
530 557 0.10368885
530 590 0.36431568
530 599 0.03577097
531 516 0.09413447
531 539 0.48810015
531 550 0.12621415
531 551 0.18881925
531 552 0.20717075
532 84 0.10752389
532 94 0.11360147
532 422 0.10312078
532 466 0.09952265
532 599 0.52695642
533 27 0.12882071
533 29 0.10979282
533 34 0.11507142
533 37 0.10882745
533 67 0.13537323
533 74 0.12953695
533 94 0.19739204
533 448 0.17701843
533 524 0.09159665
534 49 0.02840214
534 59 0.06738345
534 136 0.05855819
534 160 0.04534523
534 444 0.02806032
535 8 0.08598853
535 88 0.09507307
535 94 0.09911906
535 448 0.09153809
535 453 0.07911397
535 541 0.33150710
535 594 0.07459927
536 390 0.06615003
536 510 0.08487868
536 517 0.11185013
536 569 0.16102336
536 593 0.07107039
537 42 0.14076135
537 458 0.06792116
537 510 0.13175858
537 517 0.07574759
537 572 0.14964832
538 67 0.14412131
538 93 0.09967213
538 94 0.09483952
538 422 0.09401517
538 433 0.07900570
538 528 0.36003015
539 30 0.05918436
539 162 0.06604009
539 447 0.05092750
539 531 0.48810015
539 588 0.05606435
540 13 0.07354643
540 194 0.04536904
540 454 0.03195035
540 460 0.03449411
540 529 0.03516416
541 94 0.07309715
541 445 0.07740807
541 455 0.07489222
541 535 0.33150710
541 567 0.22413577
541 594 0.06473370
542 75 0.12757602
542 402 0.12481580
542 410 0.19788946
542 415 0.13431802
542 422 0.15720602
542 425 0.08588990
542 429 0.08575636
542 431 0.11232980
542 436 0.10918609
542 442 0.14896732
542 446 0.17715503
542 450 0.14809719
542 462 0.13480412
542 466 0.12306063
542 479 0.08782419
542 481 0.09761781
542 484 0.08539725
542 486 0.09381356
542 497 0.07702739
542 506 0.12852982
542 507 0.48901009
542 522 0.15109263
542 523 0.21859625
542 557 0.15217179
542 561 0.10755851
542 566 0.12499200
542 568 0.13583500
542 571 0.09522258
542 573 0.13845536
542 586 0.09318046
543 257 0.06812768
543 290 0.05678993
543 452 0.06384622
543 473 0.06399749
543 555 0.06390875
544 431 0.06954355
544 438 0.06682479
544 457 0.08931060
544 470 0.07660028
544 504 0.06661504
545 47 0.06073447
545 94 0.06808350
545 96 0.07092643
545 170 0.05798912
545 528 0.06213880
545 554 0.04845553
545 577 0.25780642
546 41 0.17688312
546 59 0.10622593
546 64 0.05552913
546 68 0.16263012
546 127 0.10902748
546 193 0.06185156
546 553 0.49047872
546 567 0.22576480
546 570 0.28898597
546 575 0.06380800
546 576 0.10078556
547 41 0.07898736
547 71 0.09071259
547 94 0.09712674
547 419 0.09069780
547 597 0.07780957
548 51 0.08734666
548 408 0.11648200
548 475 0.16969300
548 479 0.08784173
548 582 0.08687994
549 4 0.04856729
549 61 0.05510515
549 77 0.03857296
549 261 0.03861862
549 409 0.04769460
550 516 0.15323619
550 530 0.14857157
550 531 0.12621415
550 587 0.15427847
550 590 0.14148841
551 33 0.23110783
551 61 0.21051940
551 97 0.18340969
551 501 0.20696418
551 508 0.28756823
551 510 0.16368938
551 526 0.70949749
551 531 0.18881925
551 552 0.95850551
551 583 0.23740639
551 587 0.19659411
551 589 0.18569840
552 33 0.22218290
552 61 0.18936999
552 97 0.17896982
552 508 0.27211225
552 510 0.15176018
552 526 0.69805704
552 531 0.20717075
552 551 0.95850551
552 583 0.23193526
552 587 0.18469390
552 589 0.16742818
553 39 0.18502944
553 41 0.13477060
553 478 0.04579050
553 546 0.49047872
553 559 0.12759527
553 570 0.13734716
553 575 0.06228850
554 96 0.04469207
554 422 0.05171722
554 528 0.07187712
554 545 0.04845553
554 577 0.08657348
555 91 0.09273433
555 94 0.11944050
555 410 0.11356310
555 448 0.10564529
555 491 0.11094345
555 496 0.06457279
555 499 0.13853280
555 543 0.06390875
555 581 0.04905849
556 22 0.04638884
556 51 0.04095141
556 270 0.04020430
556 458 0.04320422
556 584 0.06809075
557 77 0.10895796
557 93 0.11313361
557 410 0.15886646
557 414 0.11351574
557 415 0.13333019
557 423 0.09272844
557 458 0.11830244
557 466 0.11822995
557 468 0.05880942
557 487 0.08985554
557 489 0.09282317
557 505 0.06906691
557 507 0.16334651
557 511 0.06644739
557 530 0.10368885
557 542 0.15217179
557 582 0.16696630
557 583 0.16643444
557 591 0.14944806
558 49 0.06967647
558 268 0.05260909
558 502 0.06614020
558 527 0.15317029
558 529 0.10240840
558 563 0.11408424
559 12 0.13866333
559 41 0.12596845
559 58 0.07408230
559 198 0.03459339
559 553 0.12759527
559 562 0.13705325
559 596 0.17552578
560 38 0.05625918
560 86 0.06068106
560 394 0.04863154
560 447 0.06538486
560 449 0.05753976
560 515 0.07506374
561 422 0.07718909
561 440 0.08564620
561 471 0.07336325
561 506 0.17624182
561 542 0.10755851
562 1 0.13528887
562 6 0.18375781
562 23 0.18585677
562 58 0.19191028
562 559 0.13705325
563 499 0.06838554
563 527 0.08211003
563 529 0.15434271
563 558 0.11408424
563 583 0.07546459
564 54 0.07262436
564 345 0.07005996
564 419 0.08659063
564 468 0.07022385
564 510 0.09886384
564 525 0.03722595
564 572 0.06558916
564 599 0.03326419
565 2 0.05426130
565 141 0.04584817
565 415 0.04468720
565 419 0.05068972
565 584 0.04317049
566 492 0.10732074
566 500 0.10705718
566 507 0.15086558
566 523 0.13296571
566 542 0.12499200
566 568 0.12176287
567 20 0.16583128
567 26 0.18082015
567 59 0.16210412
567 68 0.13147277
567 83 0.13014652
567 118 0.13604936
567 122 0.10242809
567 541 0.22413577
567 546 0.22576480
567 570 0.22775897
567 596 0.16070317
568 507 0.16686179
568 523 0.14604291
568 529 0.15271554
568 542 0.13583500
568 566 0.12176287
569 41 0.04569562
569 275 0.06096775
569 517 0.07668804
569 536 0.16102336
569 593 0.05449741
570 15 0.14471462
570 26 0.15617797
570 68 0.13847911
570 546 0.28898597
570 553 0.13734716
570 567 0.22775897
570 575 0.07912354
570 584 0.09255494
570 596 0.20651335
571 75 0.10122558
571 94 0.09471147
571 463 0.11798222
571 522 0.13010049
571 542 0.09522258
572 54 0.06800951
572 510 0.13081747
572 517 0.09605578
572 527 0.06029314
572 537 0.14964832
572 564 0.06558916
573 122 0.08027359
573 505 0.15360052
573 506 0.07715714
573 507 0.13131603
573 514 0.19974090
573 523 0.14689124
573 542 0.13845536
573 574 0.09704180
573 586 0.08768557
573 588 0.09012656
574 122 0.06163016
574 518 0.37221348
574 573 0.09704180
574 586 0.38617506
574 588 0.12767255
575 18 0.34599338
575 546 0.06380800
575 553 0.06228850
575 570 0.07912354
575 596 0.05470538
576 41 0.08633920
576 500 0.07572617
576 509 0.10989607
576 546 0.10078556
576 597 0.19564293
577 47 0.08877943
577 94 0.07042100
577 170 0.05702690
577 528 0.08416715
577 545 0.25780642
577 554 0.08657348
578 248 0.06004635
578 281 0.10698809
578 457 0.07377061
578 470 0.06228781
578 582 0.05985058
579 38 0.06040331
579 195 0.23041589
579 522 0.06912213
579 589 0.21792454
579 593 0.06150144
580 10 0.06261161
580 86 0.06973576
580 94 0.07754724
580 398 0.06938276
580 504 0.07039862
581 94 0.05167430
581 448 0.08193269
581 470 0.08862664
581 504 0.04589825
581 555 0.04905849
582 464 0.11279244
582 501 0.19965007
582 503 0.26025499
582 514 0.18233946
582 519 0.09604630
582 548 0.08687994
582 557 0.16696630
582 578 0.05985058
582 583 0.24885993
582 591 0.24034448
583 33 0.15933186
583 501 0.36051791
583 503 0.24755454
583 506 0.07651599
583 508 0.34104432
583 514 0.30228433
583 551 0.23740639
583 552 0.23193526
583 557 0.16643444
583 563 0.07546459
583 582 0.24885993
583 591 0.25891205
584 38 0.09104438
584 98 0.08368199
584 264 0.05739413
584 278 0.06073968
584 296 0.10132054
584 345 0.08583624
584 556 0.06809075
584 565 0.04317049
584 570 0.09255494
585 94 0.09446066
585 410 0.07986825
585 462 0.10324975
585 470 0.08065756
585 515 0.18724935
585 525 0.03890200
586 442 0.09278522
586 518 0.42744550
586 542 0.09318046
586 573 0.08768557
586 574 0.38617506
586 588 0.06234426
587 426 0.07943570
587 501 0.16295571
587 508 0.14983110
587 550 0.15427847
587 551 0.19659411
587 552 0.18469390
587 594 0.06386233
588 122 0.05438358
588 539 0.05606435
588 573 0.09012656
588 574 0.12767255
588 586 0.06234426
589 195 0.24445032
589 526 0.22428535
589 551 0.18569840
589 552 0.16742818
589 579 0.21792454
590 31 0.11510221
590 94 0.12908026
590 185 0.06031940
590 410 0.17668930
590 429 0.05031925
590 516 0.12784165
590 522 0.14716876
590 530 0.36431568
590 550 0.14148841
590 595 0.03585327
591 115 0.07695519
591 419 0.11987388
591 501 0.17789459
591 503 0.20032726
591 557 0.14944806
591 582 0.24034448
591 583 0.25891205
592 216 0.05048971
592 368 0.04286688
592 387 0.04410896
592 419 0.04032696
592 441 0.05560984
593 94 0.07416312
593 235 0.05118431
593 284 0.08564595
593 483 0.08061162
593 510 0.08717876
593 517 0.08768402
593 536 0.07107039
593 569 0.05449741
593 579 0.06150144
594 47 0.06218516
594 88 0.06386763
594 112 0.05016237
594 272 0.04866113
594 535 0.07459927
594 541 0.06473370
594 587 0.06386233
595 85 0.04061404
595 199 0.05164313
595 410 0.04180951
595 434 0.05252747
595 590 0.03585327
596 12 0.15852461
596 54 0.07750103
596 68 0.18829412
596 432 0.08505256
596 444 0.07113050
596 559 0.17552578
596 567 0.16070317
596 570 0.20651335
596 575 0.05470538
596 597 0.13947958
597 44 0.12933425
597 54 0.13369030
597 94 0.11591002
597 547 0.07780957
597 576 0.19564293
597 596 0.13947958
598 297 0.05933167
598 410 0.10096300
598 442 0.10686351
598 447 0.10333009
598 469 0.10188599
598 522 0.09529414
599 94 0.03752657
599 422 0.04139307
599 530 0.03577097
599 532 0.52695642
599 564 0.03326419
